16 462
2016 86
4016 67
6016 80
8016 75
10016 82
12016 53
14016 40
16016 72
18016 76
20016 35
22016 35
24016 39
26016 85
28016 82
30016 85
32016 49
34016 99
36016 101
38016 89
40016 71
42016 68
44016 108
46016 82
48016 76
50016 117
52016 114
54016 275
56016 119
58016 109
60016 109
62016 131
64016 126
66016 97
68016 157
70016 118
72016 158
74016 145
76016 150
78016 187
80016 132
82016 164
84016 159
86016 182
88016 551
90016 156
92016 177
94016 131
96016 213
98016 484
100016 193
102016 221
104016 200
106016 223
108016 173
110016 206
112016 293
114016 675
116016 221
118016 201
120016 480
122016 258
124016 206
126016 202
128016 250
130016 239
132016 241
134016 489
136016 235
138016 223
140016 202
142016 380
144016 255
146016 251
148016 211
150016 258
152016 214
154016 197
156016 263
158016 270
160016 261
162016 276
164016 281
166016 175
168016 295
170016 306
172016 502
174016 244
176016 339
178016 590
180016 391
182016 261
184016 415
186016 359
188016 317
190016 322
192016 351
194016 333
196016 322
198016 332
200016 569
202016 553
204016 716
206016 319
208016 319
210016 341
212016 587
214016 702
216016 367
218016 363
220016 302
222016 648
224016 615
226016 346
228016 317
230016 612
232016 415
234016 387
236016 724
238016 367
240016 359
242016 600
244016 346
246016 401
248016 653
250016 624
252016 261
254016 856
256016 910
258016 809
260016 399
262016 897
264016 760
266016 703
268016 667
270016 408
272016 473
274016 720
276016 515
278016 655
280016 448
282016 482
284016 464
286016 666
288016 304
290016 339
292016 464
294016 601
296016 711
298016 475
300016 500
302016 984
304016 490
306016 771
308016 707
310016 483
312016 442
314016 1007
316016 763
318016 512
320016 512
322016 781
324016 506
326016 514
328016 523
330016 528
332016 748
334016 834
336016 512
338016 449
340016 757
342016 540
344016 543
346016 673
348016 520
350016 769
352016 524
354016 449
356016 825
358016 781
360016 531
362016 622
364016 756
366016 781
368016 574
370016 799
372016 597
374016 790
376016 766
378016 976
380016 803
382016 631
384016 657
386016 706
388016 604
390016 515
392016 575
394016 614
396016 912
398016 627
400016 874
402016 674
404016 619
406016 436
408016 944
410016 856
412016 612
414016 661
416016 906
418016 674
420016 769
422016 698
424016 905
426016 689
428016 674
430016 670
432016 746
434016 670
436016 681
438016 862
440016 697
442016 688
444016 685
446016 729
448016 947
450016 918
452016 704
454016 1203
456016 967
458016 585
460016 1159
462016 901
464016 737
466016 631
468016 479
470016 559
472016 1071
474016 1014
476016 685
478016 980
480016 938
482016 584
484016 996
486016 960
488016 462
490016 899
492016 760
494016 760
496016 1153
498016 1100
500016 718
502016 1006
504016 593
506016 593
508016 1028
510016 985
512016 1045
514016 598
516016 889
518016 751
520016 625
522016 445
524016 876
526016 622
528016 609
530016 714
532016 760
534016 641
536016 841
538016 858
540016 1074
542016 629
544016 1108
546016 589
548016 650
550016 669
552016 899
554016 769
556016 651
558016 974
560016 1038
562016 1121
564016 961
566016 670
568016 656
570016 963
572016 933
574016 875
576016 920
578016 894
580016 885
582016 679
584016 710
586016 888
588016 1282
590016 716
592016 1176
594016 741
596016 626
598016 702
600016 1163
602016 1117
604016 939
606016 718
608016 710
610016 688
612016 947
614016 985
616016 652
618016 702
620016 1245
622016 523
624016 695
626016 725
628016 739
630016 867
632016 680
634016 945
636016 548
638016 837
640016 752
642016 733
644016 825
646016 758
648016 749
650016 810
652016 1061
654016 868
656016 747
658016 636
660016 871
662016 1007
664016 905
666016 779
668016 801
670016 1256
672016 1116
674016 1019
676016 783
678016 1003
680016 844
682016 1224
684016 772
686016 805
688016 801
690016 1194
692016 1017
694016 809
696016 1047
698016 964
700016 807
702016 832
704016 826
706016 665
708016 813
710016 1067
712016 948
714016 1043
716016 758
718016 1062
720016 764
722016 1297
724016 1043
726016 1054
728016 908
730016 842
732016 889
734016 1130
736016 1035
738016 1072
740016 817
742016 878
744016 848
746016 1074
748016 873
750016 1244
752016 1301
754016 1390
756016 1149
758016 1391
760016 1198
762016 931
764016 1367
766016 1106
768016 888
770016 1129
772016 909
774016 1160
776016 886
778016 941
780016 875
782016 997
784016 915
786016 1284
788016 1078
790016 907
792016 1106
794016 888
796016 739
798016 911
800016 981
802016 1046
804016 955
806016 1016
808016 958
810016 1286
812016 971
814016 942
816016 927
818016 1364
820016 949
822016 1074
824016 919
826016 854
828016 817
830016 938
832016 1168
834016 952
836016 1168
838016 1475
840016 954
842016 957
844016 1019
846016 1153
848016 1055
850016 947
852016 948
854016 948
856016 1198
858016 1031
860016 1309
862016 932
864016 1192
866016 952
868016 1218
870016 928
872016 994
874016 1055
876016 1026
878016 913
880016 1296
882016 1109
884016 1009
886016 1322
888016 987
890016 757
892016 1000
894016 1324
896016 1024
898016 1267
900016 1250
902016 1134
904016 1231
906016 1313
908016 1213
910016 1018
912016 1096
914016 1348
916016 1231
918016 1023
920016 1149
922016 945
924016 1293
926016 1335
928016 1193
930016 1100
932016 1230
934016 1260
936016 1308
938016 984
940016 1242
942016 823
944016 900
946016 1077
948016 1084
950016 1086
952016 1112
954016 1060
956016 1294
958016 1122
960016 1115
962016 1099
964016 1065
966016 1083
968016 1097
970016 1072
972016 1117
974016 1068
976016 1109
978016 1148
980016 1487
982016 1349
984016 1388
986016 1502
988016 1124
990016 1167
992016 1120
994016 1090
996016 1547
998016 1044
1000016 1258
1002016 1450
1004016 1140
1006016 1156
1008016 1137
1010016 1119
1012016 1474
1014016 1410
1016016 1153
1018016 1392
1020016 1536
1022016 1181
1024016 1314
1026016 1119
1028016 1171
1030016 1143
1032016 1274
1034016 1159
1036016 1418
1038016 1155
1040016 1181
1042016 1155
1044016 1183
1046016 1762
1048016 1180
1050016 1186
1052016 1246
1054016 1219
1056016 1161
1058016 1534
1060016 1209
1062016 1472
1064016 1160
1066016 1298
1068016 1377
1070016 1072
1072016 1072
1074016 1477
1076016 1016
1078016 1360
1080016 1579
1082016 1064
1084016 1436
1086016 1408
1088016 1271
1090016 1200
1092016 1545
1094016 1272
1096016 1225
1098016 1214
1100016 1504
1102016 1466
1104016 1367
1106016 1227
1108016 1586
1110016 1253
1112016 1010
1114016 1247
1116016 1547
1118016 1544
1120016 1626
1122016 1483
1124016 1253
1126016 1261
1128016 1446
1130016 1787
1132016 1767
1134016 1266
1136016 1149
1138016 1582
1140016 1549
1142016 1330
1144016 1403
1146016 1517
1148016 1294
1150016 1768
1152016 1865
1154016 1731
1156016 1614
1158016 1312
1160016 948
1162016 1020
1164016 1806
1166016 1282
1168016 1251
1170016 1452
1172016 1512
1174016 1315
1176016 1617
1178016 1422
1180016 1375
1182016 981
1184016 1589
1186016 1525
1188016 1626
1190016 1355
1192016 1761
1194016 1359
1196016 1787
1198016 1585
1200016 1071
1202016 1394
1204016 1348
1206016 1301
1208016 1382
1210016 1322
1212016 1560
1214016 1390
1216016 1583
1218016 1360
1220016 1346
1222016 1320
1224016 1534
1226016 1856
1228016 1827
1230016 1595
1232016 1860
1234016 1605
1236016 1186
1238016 1798
1240016 1685
1242016 1277
1244016 1389
1246016 1443
1248016 1501
1250016 1705
1252016 1519
1254016 1767
1256016 1908
1258016 1423
1260016 1450
1262016 2229
1264016 1663
1266016 1397
1268016 1674
1270016 1850
1272016 1460
1274016 1467
1276016 1381
1278016 1568
1280016 1766
1282016 1492
1284016 1919
1286016 1661
1288016 1347
1290016 1436
1292016 1717
1294016 1494
1296016 1490
1298016 1425
1300016 1433
1302016 1681
1304016 2012
1306016 1662
1308016 1800
1310016 1436
1312016 1448
1314016 1466
1316016 1489
1318016 1739
1320016 1487
1322016 1725
1324016 1556
1326016 2013
1328016 1553
1330016 1713
1332016 1723
1334016 1536
1336016 1759
1338016 1405
1340016 2019
1342016 1694
1344016 1555
1346016 1690
1348016 1448
1350016 1704
1352016 2002
1354016 1514
1356016 2128
1358016 1441
1360016 1780
1362016 1425
1364016 1676
1366016 1389
1368016 1325
1370016 1688
1372016 1704
1374016 1690
1376016 1104
1378016 1207
1380016 1795
1382016 1695
1384016 1440
1386016 1495
1388016 1738
1390016 1431
1392016 1499
1394016 1475
1396016 1416
1398016 1568
1400016 1442
1402016 1738
1404016 1384
1406016 1397
1408016 1428
1410016 1619
1412016 1374
1414016 1425
1416016 1630
1418016 1682
1420016 1445
1422016 1463
1424016 1405
1426016 1701
1428016 1914
1430016 1670
1432016 1648
1434016 1371
1436016 1662
1438016 1493
1440016 1454
1442016 1765
1444016 1364
1446016 1371
1448016 1449
1450016 1843
1452016 1351
1454016 1374
1456016 1403
1458016 1497
1460016 1382
1462016 1754
1464016 1427
1466016 1454
1468016 1365
1470016 1695
1472016 1389
1474016 1370
1476016 1624
1478016 1627
1480016 1415
1482016 1450
1484016 1563
1486016 1266
1488016 1244
1490016 1649
1492016 1465
1494016 1714
1496016 1434
1498016 1713
1500016 1461
1502016 1665
1504016 1404
1506016 1950
1508016 1551
1510016 1431
1512016 1786
1514016 1446
1516016 1546
1518016 1773
1520016 1703
1522016 2091
1524016 1854
1526016 1431
1528016 1449
1530016 1904
1532016 1814
1534016 1698
1536016 1647
1538016 1373
1540016 1415
1542016 1691
1544016 1447
1546016 1665
1548016 1699
1550016 1469
1552016 1572
1554016 1450
1556016 1604
1558016 1723
1560016 1916
1562016 1475
1564016 1881
1566016 1532
1568016 1232
1570016 1474
1572016 1749
1574016 1839
1576016 1454
1578016 1846
1580016 1888
1582016 1547
1584016 1805
1586016 1891
1588016 1810
1590016 1723
1592016 1614
1594016 1768
1596016 1550
1598016 1719
1600016 1501
1602016 1579
1604016 1943
1606016 1699
1608016 1512
1610016 1516
1612016 1561
1614016 1412
1616016 1929
1618016 1467
1620016 1690
1622016 1809
1624016 1792
1626016 1749
1628016 1805
1630016 2059
1632016 1782
1634016 1781
1636016 1551
1638016 1762
1640016 1766
1642016 1534
1644016 1813
1646016 1631
1648016 1581
1650016 1747
1652016 2143
1654016 1850
1656016 1853
1658016 2087
1660016 1861
1662016 1579
1664016 1903
1666016 1560
1668016 1572
1670016 1988
1672016 1552
1674016 1703
1676016 1639
1678016 1798
1680016 1835
1682016 1575
1684016 1565
1686016 1661
1688016 1836
1690016 1683
1692016 1933
1694016 1858
1696016 1607
1698016 1681
1700016 1878
1702016 1673
1704016 1655
1706016 1933
1708016 2006
1710016 1669
1712016 1623
1714016 1714
1716016 1888
1718016 1870
1720016 1662
1722016 1654
1724016 2202
1726016 1650
1728016 1836
1730016 1670
1732016 1600
1734016 1592
1736016 2003
1738016 1771
1740016 1926
1742016 1760
1744016 2017
1746016 2159
1748016 1643
1750016 1711
1752016 1864
1754016 1604
1756016 1665
1758016 1932
1760016 1704
1762016 2305
1764016 2180
1766016 1658
1768016 2036
1770016 2025
1772016 1692
1774016 1722
1776016 1939
1778016 1704
1780016 1791
1782016 1713
1784016 2139
1786016 1708
1788016 1741
1790016 1681
1792016 1719
1794016 1723
1796016 1806
1798016 1821
1800016 1990
1802016 1711
1804016 1751
1806016 1863
1808016 1715
1810016 1778
1812016 1671
1814016 1685
1816016 1816
1818016 1882
1820016 1494
1822016 1722
1824016 1734
1826016 1670
1828016 1515
1830016 1729
1832016 1690
1834016 2071
1836016 1793
1838016 1745
1840016 1884
1842016 1759
1844016 2030
1846016 1628
1848016 1687
1850016 1698
1852016 1734
1854016 1750
1856016 1562
1858016 1973
1860016 1670
1862016 1889
1864016 2121
1866016 1739
1868016 2022
1870016 1495
1872016 1723
1874016 1752
1876016 2218
1878016 1734
1880016 1951
1882016 1943
1884016 2211
1886016 1798
1888016 1860
1890016 1782
1892016 1989
1894016 2059
1896016 1775
1898016 1893
1900016 1809
1902016 1850
1904016 2236
1906016 2053
1908016 2044
1910016 2007
1912016 2100
1914016 1822
1916016 2077
1918016 1873
1920016 1815
1922016 1858
1924016 1988
1926016 1610
1928016 1766
1930016 2254
1932016 2031
1934016 2068
1936016 2224
1938016 1820
1940016 2031
1942016 2414
1944016 1509
1946016 2220
1948016 1854
1950016 1911
1952016 2403
1954016 2482
1956016 1847
1958016 2069
1960016 1835
1962016 2377
1964016 1858
1966016 1839
1968016 1868
1970016 1900
1972016 2183
1974016 2114
1976016 1885
1978016 1903
1980016 1861
1982016 2007
1984016 1966
1986016 1871
1988016 1849
1990016 1848
1992016 1885
1994016 1832
1996016 1850
1998016 1870
2000016 2147
2002016 2105
2004016 1835
2006016 2359
2008016 2093
2010016 1866
2012016 2062
2014016 1896
2016016 2018
2018016 1938
2020016 1909
2022016 1863
2024016 1925
2026016 1902
2028016 1887
2030016 2142
2032016 1858
2034016 2145
2036016 2229
2038016 2085
2040016 1931
2042016 2304
2044016 2107
2046016 2287
2048016 2309
2050016 1993
2052016 2312
2054016 2697
2056016 2641
2058016 2017
2060016 2049
2062016 1977
2064016 2267
2066016 2230
2068016 2336
2070016 1969
2072016 2549
2074016 2207
2076016 2201
2078016 2025
2080016 1977
2082016 2328
2084016 2319
2086016 2163
2088016 2082
2090016 2025
2092016 2252
2094016 1968
2096016 2631
2098016 2210
2100016 1780
2102016 2104
2104016 2015
2106016 2159
2108016 1940
2110016 2148
2112016 1990
2114016 2260
2116016 1964
2118016 1900
2120016 2046
2122016 2246
2124016 2076
2126016 1691
2128016 2369
2130016 2143
2132016 2387
2134016 2687
2136016 2060
2138016 2335
2140016 2149
2142016 2300
2144016 2433
2146016 2462
2148016 2642
2150016 2047
2152016 1977
2154016 2089
2156016 2098
2158016 1663
2160016 2124
2162016 2562
2164016 2291
2166016 1862
2168016 2050
2170016 1998
2172016 2419
2174016 2024
2176016 2048
2178016 2134
2180016 2333
2182016 2278
2184016 2041
2186016 2339
2188016 2371
2190016 2110
2192016 2364
2194016 2353
2196016 2092
2198016 2377
2200016 2387
2202016 2300
2204016 2340
2206016 2148
2208016 2080
2210016 2074
2212016 2109
2214016 2420
2216016 2352
2218016 2357
2220016 2399
2222016 2299
2224016 2054
2226016 2082
2228016 2094
2230016 2101
2232016 2555
2234016 2099
2236016 2112
2238016 2490
2240016 2075
2242016 1206
2244016 2243
2246016 2369
2248016 2867
2250016 2318
2252016 2227
2254016 2101
2256016 2134
2258016 2029
2260016 2559
2262016 2115
2264016 2066
2266016 2259
2268016 2145
2270016 2359
2272016 2289
2274016 2179
2276016 2166
2278016 2133
2280016 2152
2282016 2152
2284016 2229
2286016 2301
2288016 2299
2290016 2405
2292016 2157
2294016 2132
2296016 2157
2298016 2207
2300016 2169
2302016 2462
2304016 2397
2306016 2137
2308016 2270
2310016 2237
2312016 2288
2314016 2165
2316016 2499
2318016 2193
2320016 2183
2322016 2520
2324016 2172
2326016 2454
2328016 1972
2330016 2572
2332016 2209
2334016 2523
2336016 2445
2338016 2448
2340016 2268
2342016 2532
2344016 2347
2346016 2291
2348016 2507
2350016 2498
2352016 2298
2354016 2670
2356016 2155
2358016 2239
2360016 2196
2362016 2422
2364016 2190
2366016 2435
2368016 2176
2370016 2207
2372016 2283
2374016 2527
2376016 2187
2378016 2277
2380016 2237
2382016 2199
2384016 2246
2386016 2644
2388016 2554
2390016 2303
2392016 2235
2394016 2275
2396016 2242
2398016 2772
2400016 2251
2402016 2258
2404016 1910
2406016 2420
2408016 2449
2410016 2616
2412016 2468
2414016 2522
2416016 2416
2418016 2700
2420016 2312
2422016 2322
2424016 2257
2426016 2602
2428016 2599
2430016 2269
2432016 2274
2434016 2559
2436016 2430
2438016 2275
2440016 2269
2442016 1991
2444016 2628
2446016 2258
2448016 2542
2450016 2182
2452016 2149
2454016 2226
2456016 2681
2458016 2376
2460016 2238
2462016 2564
2464016 2577
2466016 2704
2468016 2375
2470016 2285
2472016 2396
2474016 2285
2476016 2531
2478016 2298
2480016 2290
2482016 2590
2484016 2427
2486016 2307
2488016 2528
2490016 2580
2492016 2592
2494016 2302
2496016 2454
2498016 2380
2500016 2321
2502016 2637
2504016 2741
2506016 2731
2508016 2800
2510016 2379
2512016 2535
2514016 2387
2516016 2356
2518016 2322
2520016 2337
2522016 2365
2524016 2437
2526016 2601
2528016 2824
2530016 2372
2532016 2652
2534016 2407
2536016 2748
2538016 2825
2540016 2443
2542016 2349
2544016 2658
2546016 2489
2548016 2705
2550016 2798
2552016 2608
2554016 2341
2556016 2491
2558016 2631
2560016 2507
2562016 2429
2564016 2755
2566016 2830
2568016 2250
2570016 2254
2572016 2416
2574016 2377
2576016 2002
2578016 2385
2580016 2326
2582016 2400
2584016 2408
2586016 2576
2588016 2464
2590016 2790
2592016 2458
2594016 2714
2596016 2429
2598016 2466
2600016 2453
2602016 2554
2604016 2452
2606016 2710
2608016 2451
2610016 2851
2612016 2403
2614016 2332
2616016 2728
2618016 2480
2620016 2668
2622016 2432
2624016 2464
2626016 2626
2628016 2192
2630016 2731
2632016 2447
2634016 2474
2636016 2748
2638016 2720
2640016 2703
2642016 2823
2644016 2580
2646016 2507
2648016 2433
2650016 2943
2652016 2607
2654016 2657
2656016 2441
2658016 2671
2660016 2708
2662016 2474
2664016 2486
2666016 2448
2668016 2757
2670016 2818
2672016 2527
2674016 2490
2676016 2694
2678016 2484
2680016 3229
2682016 2886
2684016 2844
2686016 2624
2688016 2720
2690016 3063
2692016 2790
2694016 2536
2696016 2682
2698016 2798
2700016 2738
2702016 2699
2704016 2262
2706016 2773
2708016 3069
2710016 2725
2712016 2732
2714016 2671
2716016 2856
2718016 2745
2720016 2909
2722016 2781
2724016 3165
2726016 3273
2728016 3225
2730016 2870
2732016 2878
2734016 2950
2736016 3182
2738016 3049
2740016 2800
2742016 2796
2744016 3277
2746016 2864
2748016 2999
2750016 2775
2752016 2640
2754016 2820
2756016 2985
2758016 3174
2760016 2852
2762016 2855
2764016 2571
2766016 2525
2768016 2998
2770016 2647
2772016 2590
2774016 2934
2776016 2865
2778016 2832
2780016 2958
2782016 3016
2784016 2692
2786016 2699
2788016 2946
2790016 3037
2792016 2962
2794016 2556
2796016 3314
2798016 2955
2800016 2898
2802016 3102
2804016 2482
2806016 2819
2808016 2665
2810016 3026
2812016 2969
2814016 2617
2816016 3101
2818016 2763
2820016 2692
2822016 2910
2824016 3337
2826016 3027
2828016 3094
2830016 2745
2832016 3377
2834016 2593
2836016 2610
2838016 2912
2840016 3113
2842016 2947
2844016 2976
2846016 2690
2848016 2854
2850016 2485
2852016 2937
2854016 2972
2856016 3242
2858016 2989
2860016 3308
2862016 2962
2864016 2658
2866016 2985
2868016 2821
2870016 2903
2872016 2801
2874016 3253
2876016 2736
2878016 2847
2880016 2570
2882016 3176
2884016 2927
2886016 3000
2888016 2848
2890016 3084
2892016 2928
2894016 2947
2896016 2715
2898016 3306
2900016 3030
2902016 2865
2904016 2756
2906016 2771
2908016 2872
2910016 2756
2912016 3057
2914016 3233
2916016 3128
2918016 2360
2920016 3133
2922016 2823
2924016 2767
2926016 3156
2928016 2872
2930016 3295
2932016 2234
2934016 3033
2936016 2921
2938016 2978
2940016 2951
2942016 2888
2944016 2751
2946016 3306
2948016 2906
2950016 3235
2952016 3219
2954016 2989
2956016 3197
2958016 2867
2960016 3173
2962016 3278
2964016 2919
2966016 2864
2968016 3457
2970016 2840
2972016 2910
2974016 3126
2976016 3377
2978016 2814
2980016 2894
2982016 3621
2984016 3039
2986016 3088
2988016 3247
2990016 3230
2992016 3485
2994016 2991
2996016 3303
2998016 2517
3000016 3276
3002016 3011
3004016 2958
3006016 3053
3008016 2998
3010016 2862
3012016 2906
3014016 2863
3016016 3522
3018016 3043
3020016 3241
3022016 3204
3024016 3264
3026016 2962
3028016 3046
3030016 3060
3032016 3469
3034016 3222
3036016 3538
3038016 3423
3040016 3141
3042016 3009
3044016 3111
3046016 4011
3048016 2958
3050016 2955
3052016 3201
3054016 3126
3056016 2894
3058016 3309
3060016 3174
3062016 3065
3064016 3285
3066016 3129
3068016 3023
3070016 3551
3072016 3380
3074016 3404
3076016 3148
3078016 2784
3080016 3418
3082016 3304
3084016 3315
3086016 3382
3088016 3357
3090016 2965
3092016 2881
3094016 3051
3096016 2945
3098016 2809
3100016 2870
3102016 2816
3104016 2778
3106016 2969
3108016 3131
3110016 3284
3112016 2983
3114016 3117
3116016 3421
3118016 3292
3120016 3226
3122016 3057
3124016 3285
3126016 3107
3128016 3308
3130016 3721
3132016 3278
3134016 2854
3136016 3494
3138016 3236
3140016 3025
3142016 3278
3144016 2962
3146016 3400
3148016 3749
3150016 3433
3152016 3191
3154016 2985
3156016 3763
3158016 3182
3160016 2937
3162016 3193
3164016 3078
3166016 2991
3168016 3279
3170016 3192
3172016 3123
3174016 3269
3176016 2638
3178016 3334
3180016 3480
3182016 3588
3184016 3378
3186016 3413
3188016 3517
3190016 3144
3192016 3292
3194016 3782
3196016 3505
3198016 3219
3200016 3108
3202016 3530
3204016 3520
3206016 3367
3208016 3795
3210016 3109
3212016 3548
3214016 3215
3216016 3548
3218016 3111
3220016 3625
3222016 3100
3224016 3566
3226016 3542
3228016 3203
3230016 3509
3232016 3380
3234016 3382
3236016 3018
3238016 3067
3240016 3700
3242016 3454
3244016 3138
3246016 3558
3248016 3288
3250016 3214
3252016 3708
3254016 3365
3256016 3461
3258016 3708
3260016 3465
3262016 3076
3264016 3298
3266016 3688
3268016 3253
3270016 3337
3272016 3662
3274016 3023
3276016 3021
3278016 3151
3280016 3131
3282016 3108
3284016 3188
3286016 3344
3288016 3438
3290016 3770
3292016 3233
3294016 3152
3296016 2688
3298016 3094
3300016 3418
3302016 3219
3304016 3073
3306016 3403
3308016 3581
3310016 3155
3312016 3229
3314016 3371
3316016 3232
3318016 3599
3320016 3731
3322016 3372
3324016 4275
3326016 3507
3328016 3075
3330016 3112
3332016 3457
3334016 3563
3336016 3833
3338016 3482
3340016 3676
3342016 3769
3344016 2827
3346016 3765
3348016 3644
3350016 3705
3352016 3508
3354016 3759
3356016 3822
3358016 3455
3360016 3733
3362016 3657
3364016 3510
3366016 3635
3368016 3533
3370016 3795
3372016 3677
3374016 2909
3376016 3414
3378016 3590
3380016 3506
3382016 3527
3384016 3914
3386016 3490
3388016 3555
3390016 3475
3392016 3671
3394016 3869
3396016 3399
3398016 4044
3400016 3605
3402016 3716
3404016 3748
3406016 3530
3408016 3962
3410016 3711
3412016 3823
3414016 3559
3416016 3590
3418016 3795
3420016 3443
3422016 3774
3424016 3160
3426016 3491
3428016 3579
3430016 3565
3432016 3366
3434016 3882
3436016 3501
3438016 3417
3440016 3453
3442016 3762
3444016 3780
3446016 3523
3448016 3623
3450016 3767
3452016 3744
3454016 3821
3456016 3082
3458016 3552
3460016 3567
3462016 3537
3464016 3529
3466016 3554
3468016 3033
3470016 3599
3472016 3976
3474016 3413
3476016 3846
3478016 3364
3480016 4006
3482016 3464
3484016 2976
3486016 3633
3488016 3752
3490016 3682
3492016 3754
3494016 3643
3496016 3833
3498016 3630
3500016 3574
3502016 3585
3504016 4003
3506016 3642
3508016 3630
3510016 3594
3512016 3506
3514016 3553
3516016 3705
3518016 3679
3520016 3914
3522016 3903
3524016 3371
3526016 3518
3528016 3414
3530016 3002
3532016 3411
3534016 3713
3536016 3596
3538016 3723
3540016 3528
3542016 3679
3544016 3855
3546016 3230
3548016 3666
3550016 3683
3552016 3997
3554016 3804
3556016 3729
3558016 3931
3560016 3911
3562016 3584
3564016 3934
3566016 3944
3568016 3870
3570016 3575
3572016 3453
3574016 3470
3576016 3532
3578016 3848
3580016 3414
3582016 3700
3584016 3807
3586016 3731
3588016 3679
3590016 3685
3592016 3485
3594016 3530
3596016 3742
3598016 3777
3600016 3488
3602016 3524
3604016 3775
3606016 3848
3608016 3923
3610016 3917
3612016 3994
3614016 3471
3616016 3807
3618016 3632
3620016 3556
3622016 3699
3624016 3751
3626016 3718
3628016 3769
3630016 2995
3632016 3415
3634016 4092
3636016 4107
3638016 4243
3640016 3712
3642016 3717
3644016 3637
3646016 3646
3648016 4093
3650016 4038
3652016 3846
3654016 3797
3656016 4365
3658016 3697
3660016 3609
3662016 3518
3664016 3726
3666016 3845
3668016 3957
3670016 3902
3672016 3769
3674016 3719
3676016 3718
3678016 3539
3680016 3884
3682016 3850
3684016 3707
3686016 4212
3688016 3124
3690016 4021
3692016 4421
3694016 4099
3696016 3125
3698016 3901
3700016 3429
3702016 3474
3704016 3560
3706016 3878
3708016 4015
3710016 3876
3712016 3899
3714016 3728
3716016 3851
3718016 3657
3720016 3933
3722016 3796
3724016 3648
3726016 3640
3728016 3561
3730016 3925
3732016 3628
3734016 3772
3736016 3948
3738016 3602
3740016 3987
3742016 3840
3744016 3779
3746016 4066
3748016 3769
3750016 3243
3752016 3290
3754016 3498
3756016 3699
3758016 3604
3760016 3715
3762016 3701
3764016 4040
3766016 4169
3768016 3784
3770016 4245
3772016 3678
3774016 3758
3776016 3885
3778016 3907
3780016 3844
3782016 3785
3784016 3956
3786016 4035
3788016 3942
3790016 3747
3792016 3848
3794016 3725
3796016 4046
3798016 3573
3800016 3778
3802016 3784
3804016 3774
3806016 3973
3808016 3755
3810016 4035
3812016 3629
3814016 3577
3816016 4055
3818016 3930
3820016 3647
3822016 3666
3824016 3788
3826016 3539
3828016 3936
3830016 3944
3832016 3893
3834016 4125
3836016 3818
3838016 3680
3840016 3735
3842016 3904
3844016 3728
3846016 3664
3848016 3829
3850016 3834
3852016 3972
3854016 4204
3856016 3713
3858016 4191
3860016 3880
3862016 4132
3864016 3872
3866016 4008
3868016 3807
3870016 3846
3872016 3836
3874016 3795
3876016 4250
3878016 3959
3880016 4020
3882016 4405
3884016 4329
3886016 3769
3888016 3722
3890016 3900
3892016 3994
3894016 3839
3896016 3921
3898016 3696
3900016 4265
3902016 3708
3904016 3844
3906016 3856
3908016 3729
3910016 3959
3912016 3804
3914016 3794
3916016 3815
3918016 3750
3920016 3885
3922016 3807
3924016 4093
3926016 4363
3928016