6000000 4534
6002000 4461
6004000 4405
6006000 4173
6008000 4182
6010000 4351
6012000 4879
6014000 4308
6016000 4072
6018000 4322
6020000 4386
6022000 4435
6024000 4466
6026000 4719
6028000 4556
6030000 4399
6032000 4319
6034000 4314
6036000 4445
6038000 4245
6040000 4651
6042000 4351
6044000 4616
6046000 4300
6048000 4559
6050000 4675
6052000 4013
6054000 4420
6056000 4387
6058000 4538
6060000 4148
6062000 4457
6064000 4348
6066000 4542
6068000 4737
6070000 4748
6072000 4472
6074000 4395
6076000 4413
6078000 4391
6080000 3733
6082000 4026
6084000 4504
6086000 4540
6088000 4344
6090000 4370
6092000 4119
6094000 3775
6096000 4064
6098000 4267
6100000 4173
6102000 4225
6104000 4555
6106000 4693
6108000 4099
6110000 4653
6112000 4453
6114000 4383
6116000 4104
6118000 4330
6120000 4677
6122000 4802
6124000 4869
6126000 4607
6128000 4593
6130000 4509
6132000 4585
6134000 4577
6136000 4172
6138000 4585
6140000 4892
6142000 4585
6144000 4427
6146000 4674
6148000 4592
6150000 4569
6152000 4533
6154000 4693
6156000 4791
6158000 4583
6160000 4239
6162000 4407
6164000 4784
6166000 4391
6168000 4404
6170000 4390
6172000 4563
6174000 4331
6176000 4440
6178000 4497
6180000 4776
6182000 4330
6184000 4537
6186000 4595
6188000 4738
6190000 4292
6192000 4512
6194000 4738
6196000 4613
6198000 4208
6200000 4545
6202000 4600
6204000 4618
6206000 3977
6208000 4205
6210000 4699
6212000 4468
6214000 4309
6216000 4086
6218000 4383
6220000 4481
6222000 4382
6224000 4431
6226000 4365
6228000 4521
6230000 4591
6232000 4224
6234000 4479
6236000 4614
6238000 4557
6240000 4612
6242000 4453
6244000 4307
6246000 4579
6248000 4567
6250000 4588
6252000 4572
6254000 4623
6256000 4665
6258000 4506
6260000 4480
6262000 4870
6264000 4740
6266000 4618
6268000 4473
6270000 4615
6272000 4038
6274000 4516
6276000 4487
6278000 4803
6280000 4898
6282000 4387
6284000 4586
6286000 4627
6288000 4720
6290000 4661
6292000 4677
6294000 4413
6296000 4316
6298000 4356
6300000 4695
6302000 4670
6304000 4501
6306000 4718
6308000 4736
6310000 4707
6312000 4787
6314000 4881
6316000 4625
6318000 4774
6320000 4741
6322000 4808
6324000 4961
6326000 4728
6328000 4694
6330000 4643
6332000 4601
6334000 4665
6336000 4355
6338000 4847
6340000 4384
6342000 4645
6344000 4459
6346000 4725
6348000 4895
6350000 4425
6352000 4747
6354000 4681
6356000 4876
6358000 4533
6360000 4630
6362000 4848
6364000 4729
6366000 4499
6368000 4584
6370000 4658
6372000 5011
6374000 4879
6376000 4525
6378000 4486
6380000 4503
6382000 4548
6384000 5034
6386000 4759
6388000 4836
6390000 4866
6392000 4894
6394000 4885
6396000 4419
6398000 4737
6400000 4776
6402000 4567
6404000 4691
6406000 4741
6408000 4790
6410000 4566
6412000 4715
6414000 4708
6416000 4949
6418000 4834
6420000 4879
6422000 4444
6424000 4790
6426000 4751
6428000 4448
6430000 5084
6432000 4659
6434000 4523
6436000 4926
6438000 4143
6440000 4600
6442000 4455
6444000 4664
6446000 4688
6448000 4723
6450000 4749
6452000 4468
6454000 4854
6456000 4472
6458000 4659
6460000 4618
6462000 4972
6464000 4741
6466000 4533
6468000 4349
6470000 4444
6472000 4690
6474000 4161
6476000 4787
6478000 4697
6480000 4518
6482000 4782
6484000 4492
6486000 4902
6488000 4966
6490000 4648
6492000 4777
6494000 4886
6496000 4515
6498000 4957
6500000 4901
6502000 4563
6504000 4713
6506000 4843
6508000 4726
6510000 4951
6512000 4812
6514000 4693
6516000 4764
6518000 4678
6520000 4801
6522000 4656
6524000 4940
6526000 4940
6528000 4774
6530000 4735
6532000 4792
6534000 4689
6536000 4413
6538000 4604
6540000 4956
6542000 4473
6544000 4827
6546000 4736
6548000 4511
6550000 4995
6552000 4655
6554000 4818
6556000 4650
6558000 4689
6560000 4505
6562000 4697
6564000 4585
6566000 4546
6568000 4761
6570000 4470
6572000 4897
6574000 4991
6576000 4749
6578000 4694
6580000 4813
6582000 4787
6584000 4767
6586000 4789
6588000 4553
6590000 4622
6592000 4662
6594000 4702
6596000 4402
6598000 4815
6600000 4550
6602000 4539
6604000 4538
6606000 4752
6608000 4787
6610000 4701
6612000 4687
6614000 4827
6616000 4592
6618000 4522
6620000 4779
6622000 4570
6624000 4789
6626000 4816
6628000 4529
6630000 4570
6632000 4963
6634000 4627
6636000 4498
6638000 4993
6640000 4872
6642000 5005
6644000 5173
6646000 4629
6648000 4777
6650000 4543
6652000 5108
6654000 4720
6656000 4820
6658000 4679
6660000 4853
6662000 4821
6664000 4765
6666000 4700
6668000 4935
6670000 4901
6672000 4808
6674000 4630
6676000 4756
6678000 4871
6680000 5058
6682000 4544
6684000 4837
6686000 4809
6688000 4862
6690000 4723
6692000 5014
6694000 4639
6696000 5070
6698000 5071
6700000 4839
6702000 5132
6704000 5034
6706000 5016
6708000 5193
6710000 5057
6712000 5148
6714000 5081
6716000 4792
6718000 4688
6720000 4524
6722000 4498
6724000 4937
6726000 4585
6728000 4963
6730000 4755
6732000 4834
6734000 4834
6736000 4871
6738000 4819
6740000 4829
6742000 4960
6744000 4673
6746000 4864
6748000 4787
6750000 4897
6752000 4924
6754000 4819
6756000 4870
6758000 4789
6760000 4742
6762000 4721
6764000 4771
6766000 4748
6768000 4860
6770000 4225
6772000 4608
6774000 4671
6776000 5068
6778000 4955
6780000 4463
6782000 4984
6784000 4965
6786000 5053
6788000 4449
6790000 5095
6792000 4679
6794000 5152
6796000 4660
6798000 4790
6800000 5104
6802000 4938
6804000 5084
6806000 5091
6808000 4608
6810000 5235
6812000 4989
6814000 5110
6816000 4934
6818000 4316
6820000 4954
6822000 4918
6824000 5039
6826000 4957
6828000 4881
6830000 4619
6832000 4984
6834000 4402
6836000 4981
6838000 4760
6840000 4803
6842000 4800
6844000 4674
6846000 4534
6848000 4715
6850000 5082
6852000 4985
6854000 5189
6856000 4743
6858000 4981
6860000 4525
6862000 4791
6864000 4424
6866000 5216
6868000 4812
6870000 4935
6872000 4493
6874000 4891
6876000 4649
6878000 4870
6880000 5345
6882000 4797
6884000 4128
6886000 4989
6888000 4719
6890000 4714
6892000 4736
6894000 5291
6896000 4891
6898000 5185
6900000 4482
6902000 4766
6904000 4953
6906000 4786
6908000 4933
6910000 5026
6912000 4985
6914000 4369
6916000 4844
6918000 4815
6920000 4994
6922000 5458
6924000 4813
6926000 4872
6928000 5252
6930000 4964
6932000 4820
6934000 4745
6936000 5124
6938000 4342
6940000 4800
6942000 4807
6944000 4774
6946000 4704
6948000 4764
6950000 4923
6952000 4844
6954000 4868
6956000 4761
6958000 5008
6960000 5246
6962000 5161
6964000 5126
6966000 4632
6968000 4902
6970000 5397
6972000 4891
6974000 4940
6976000 4965
6978000 5004
6980000 4954
6982000 4960
6984000 5208
6986000 4844
6988000 5246
6990000 5195
6992000 5314
6994000 5294
6996000 5236
6998000 4974
7000000 4887
7002000 4708
7004000 4797
7006000 5457
7008000 4949
7010000 4864
7012000 5105
7014000 4880
7016000 4790
7018000 4919
7020000 4861
7022000 5028
7024000 4999
7026000 4886
7028000 4889
7030000 4944
7032000 5070
7034000 4841
7036000 4923
7038000 4440
7040000 5140
7042000 4995
7044000 4869
7046000 4806
7048000 4680
7050000 5166
7052000 4671
7054000 4853
7056000 5596
7058000 5081
7060000 4840
7062000 5135
7064000 4996
7066000 5150
7068000 5176
7070000 4917
7072000 4934
7074000 4813
7076000 5000
7078000 5098
7080000 4845
7082000 4804
7084000 4696
7086000 4628
7088000 5080
7090000 4968
7092000 5628
7094000 4968
7096000 5089
7098000 4977
7100000 5346
7102000 4869
7104000 4890
7106000 4722
7108000 5106
7110000 4949
7112000 5269
7114000 4865
7116000 4826
7118000 5005
7120000 5030
7122000 4843
7124000 5010
7126000 5088
7128000 5192
7130000 5177
7132000 4852
7134000 5051
7136000 4944
7138000 4517
7140000 4974
7142000 5159
7144000 5088
7146000 5030
7148000 5568
7150000 4906
7152000 4997
7154000 4927
7156000 5085
7158000 5197
7160000 5309
7162000 5145
7164000 5055
7166000 5153
7168000 5265
7170000 5055
7172000 5248
7174000 5220
7176000 4895
7178000 5103
7180000 5102
7182000 4784
7184000 5000
7186000 5018
7188000 4780
7190000 5061
7192000 5212
7194000 4889
7196000 5016
7198000 4872
7200000 5128
7202000 5089
7204000 4961
7206000 4736
7208000 5028
7210000 5166
7212000 5127
7214000 4917
7216000 5138
7218000 5195
7220000 5137
7222000 4847
7224000 4963
7226000 5055
7228000 4850
7230000 4855
7232000 5363
7234000 4863
7236000 4943
7238000 5197
7240000 5184
7242000 5052
7244000 5084
7246000 5230
7248000 5301
7250000 5241
7252000 4728
7254000 4884
7256000 5057
7258000 5109
7260000 5325
7262000 4999
7264000 5162
7266000 4949
7268000 5167
7270000 5208
7272000 4776
7274000 5213
7276000 4716
7278000 5138
7280000 5052
7282000 5175
7284000 5099
7286000 4923
7288000 5111
7290000 4989
7292000 4646
7294000 5634
7296000 5061
7298000 4731
7300000 5149
7302000 5046
7304000 4821
7306000 5042
7308000 5660
7310000 5224
7312000 4843
7314000 5057
7316000 5061
7318000 5346
7320000 5411
7322000 4364
7324000 4979
7326000 5103
7328000 4817
7330000 4968
7332000 5352
7334000 5090
7336000 5255
7338000 5166
7340000 5001
7342000 4226
7344000 5121
7346000 4238
7348000 4985
7350000 5013
7352000 5014
7354000 4927
7356000 5062
7358000 4954
7360000 5453
7362000 5359
7364000 5306
7366000 4959
7368000 5263
7370000 5396
7372000 5491
7374000 5249
7376000 5195
7378000 5080
7380000 4996
7382000 5069
7384000 5390
7386000 5065
7388000 5068
7390000 5150
7392000 5310
7394000 4926
7396000 4765
7398000 4909
7400000 5031
7402000 4935
7404000 4612
7406000 5158
7408000 4813
7410000 4604
7412000 5028
7414000 4777
7416000 5204
7418000 5737
7420000 5093
7422000 5204
7424000 4677
7426000 4661
7428000 5097
7430000 5356
7432000 5179
7434000 4917
7436000 5493
7438000 4103
7440000 5497
7442000 4860
7444000 5320
7446000 4797
7448000 5188
7450000 4783
7452000 5355
7454000 4718
7456000 5205
7458000 5399
7460000 5301
7462000 5153
7464000 4954
7466000 5048
7468000 5369
7470000 5290
7472000 5343
7474000 5152
7476000 5233
7478000 4817
7480000 5277
7482000 5159
7484000 4953
7486000 5463
7488000 5351
7490000 4488
7492000 5517
7494000 4980
7496000 4266
7498000 5735
7500000 5563
7502000 4703
7504000 5498
7506000 5309
7508000 4664
7510000 5108
7512000 5463
7514000 5618
7516000 5046
7518000 5296
7520000 5027
7522000 5491
7524000 5407
7526000 5364
7528000 4961
7530000 5442
7532000 5156
7534000 5005
7536000 4548
7538000 5233
7540000 5090
7542000 5170
7544000 5247
7546000 4738
7548000 5320
7550000 5240
7552000 5372
7554000 4436
7556000 4959
7558000 5185
7560000 4988
7562000 5001
7564000 4864
7566000 5365
7568000 4777
7570000 5806
7572000 5716
7574000 5527
7576000 5222
7578000 4872
7580000 5314
7582000 5335
7584000 5056
7586000 4993
7588000 5114
7590000 5425
7592000 5123
7594000 4822
7596000 5059
7598000 5310
7600000 5275
7602000 5491
7604000 5006
7606000 4943
7608000 5200
7610000 5245
7612000 5275
7614000 5372
7616000 5226
7618000 5231
7620000 5186
7622000 5000
7624000 4916
7626000 5195
7628000 5079
7630000 5369
7632000 5435
7634000 5016
7636000 5379
7638000 5188
7640000 5280
7642000 5193
7644000 4940
7646000 5479
7648000 5250
7650000 5071
7652000 4963
7654000 5649
7656000 5207
7658000 5320
7660000 5420
7662000 5570
7664000 5664
7666000 5475
7668000 4937
7670000 5049
7672000 5141
7674000 4857
7676000 5371
7678000 5489
7680000 5461
7682000 5504
7684000 5700
7686000 5645
7688000 5072
7690000 5352
7692000 5228
7694000 5263
7696000 5504
7698000 5157
7700000 5718
7702000 5004
7704000 5462
7706000 5088
7708000 5389
7710000 5512
7712000 4962
7714000 5175
7716000 4880
7718000 5051
7720000 5113
7722000 5166
7724000 5294
7726000 5476
7728000 5541
7730000 5422
7732000 5298
7734000 4945
7736000 4820
7738000 5266
7740000 5385
7742000 5565
7744000 5302
7746000 5403
7748000 5028
7750000 5020
7752000 5235
7754000 5194
7756000 5210
7758000 5219
7760000 5410
7762000 5260
7764000 5404
7766000 5218
7768000 5308
7770000 5372
7772000 5279
7774000 5690
7776000 5725
7778000 5027
7780000 5500
7782000 5469
7784000 4982
7786000 5630
7788000 5490
7790000 5371
7792000 4895
7794000 5523
7796000 5377
7798000 5650
7800000 5418
7802000 4925
7804000 5139
7806000 5223
7808000 5341
7810000 5842
7812000 5523
7814000 5492
7816000 5710
7818000 5488
7820000 5681
7822000 5537
7824000 5077
7826000 5307
7828000 5605
7830000 5426
7832000 5435
7834000 5342
7836000 5585
7838000 5637
7840000 5044
7842000 5668
7844000 5858
7846000 5597
7848000 5245
7850000 5279
7852000 5732
7854000 5728
7856000 5650
7858000 5568
7860000 5475
7862000 5467
7864000 5307
7866000 5331
7868000 5248
7870000 4831
7872000 5575
7874000 5459
7876000 5232
7878000 5472
7880000 5105
7882000 5378
7884000 5056
7886000 5658
7888000 6081
7890000 5625
7892000 6088
7894000 5794
7896000 5575
7898000 4937
7900000 5276
7902000 6003
7904000 5555
7906000 4959
7908000 5558
7910000 5294
7912000 4852
7914000 5530
7916000 5289
7918000 5576
7920000 5236
7922000 5344
7924000 5389
7926000 5347
7928000 5605
7930000 5425
7932000 5393
7934000 5249
7936000 5391
7938000 5805
7940000 5184
7942000 5100
7944000 5084
7946000 5281
7948000 5325
7950000 5506
7952000 5530
7954000 5504
7956000 5405
7958000 5462
7960000 5178
7962000 5594
7964000 5093
7966000 5298
7968000 5215
7970000 5114
7972000 5531
7974000 5544
7976000 5276
7978000 5560
7980000 5394
7982000 5397
7984000 5569
7986000 5489
7988000 5948
7990000 5854
7992000 5565
7994000 5649
7996000 5791
7998000 4810
8000000 5499
