16 2
2016 7
4016 13
6016 18
8016 24
10016 29
12016 34
14016 40
16016 45
18016 51
20016 56
22016 62
24016 67
26016 73
28016 78
30016 38
32016 40
34016 43
36016 45
38016 48
40016 50
42016 53
44016 55
46016 57
48016 60
50016 63
52016 65
54016 68
56016 115
58016 72
60016 75
62016 77
64016 80
66016 82
68016 85
70016 88
72016 90
74016 92
76016 95
78016 97
80016 99
82016 108
84016 107
86016 107
88016 109
90016 112
92016 114
94016 121
96016 123
98016 133
100016 124
102016 131
104016 133
106016 136
108016 134
110016 141
112016 143
114016 145
116016 145
118016 146
120016 149
122016 179
124016 160
126016 160
128016 163
130016 161
132016 163
134016 167
136016 172
138016 178
140016 178
142016 175
144016 183
146016 182
148016 187
150016 190
152016 192
154016 194
156016 197
158016 194
160016 202
162016 205
164016 207
166016 206
168016 208
170016 212
172016 219
174016 219
176016 218
178016 231
180016 227
182016 229
184016 233
186016 232
188016 233
190016 239
192016 238
194016 244
196016 246
198016 252
200016 251
202016 251
204016 256
206016 259
208016 282
210016 262
212016 261
214016 264
216016 271
218016 274
220016 316
222016 274
224016 281
226016 342
228016 288
230016 288
232016 286
234016 308
236016 296
238016 298
240016 298
242016 320
244016 301
246016 307
248016 308
250016 308
252016 316
254016 313
256016 320
258016 321
260016 336
262016 353
264016 330
266016 335
268016 334
270016 337
272016 342
274016 342
276016 342
278016 342
280016 429
282016 356
284016 350
286016 359
288016 359
290016 370
292016 364
294016 363
296016 386
298016 377
300016 370
302016 376
304016 386
306016 383
308016 384
310016 383
312016 394
314016 397
316016 390
318016 396
320016 394
322016 403
324016 399
326016 406
328016 450
330016 411
332016 414
334016 412
336016 417
338016 421
340016 423
342016 423
344016 439
346016 442
348016 432
350016 435
352016 438
354016 436
356016 442
358016 442
360016 443
362016 479
364016 452
366016 453
368016 458
370016 462
372016 463
374016 460
376016 464
378016 471
380016 472
382016 482
384016 663
386016 487
388016 493
390016 484
392016 487
394016 485
396016 490
398016 505
400016 500
402016 532
404016 513
406016 504
408016 503
410016 524
412016 507
414016 509
416016 517
418016 519
420016 519
422016 548
424016 523
426016 528
428016 527
430016 537
432016 536
434016 571
436016 538
438016 539
440016 569
442016 549
444016 559
446016 573
448016 571
450016 579
452016 567
454016 564
456016 584
458016 570
460016 593
462016 573
464016 589
466016 590
468016 589
470016 608
472016 592
474016 608
476016 735
478016 606
480016 607
482016 603
484016 620
486016 635
488016 621
490016 625
492016 617
494016 623
496016 641
498016 652
500016 638
502016 634
504016 632
506016 654
508016 671
510016 632
512016 650
514016 640
516016 675
518016 664
520016 652
522016 669
524016 673
526016 669
528016 925
530016 672
532016 675
534016 675
536016 672
538016 721
540016 672
542016 685
544016 745
546016 688
548016 701
550016 723
552016 713
554016 708
556016 708
558016 726
560016 704
562016 902
564016 726
566016 743
568016 711
570016 735
572016 733
574016 716
576016 725
578016 723
580016 746
582016 739
584016 748
586016 741
588016 883
590016 752
592016 743
594016 741
596016 858
598016 765
600016 760
602016 781
604016 794
606016 750
608016 777
610016 759
612016 776
614016 780
616016 839
618016 765
620016 784
622016 795
624016 831
626016 791
628016 794
630016 822
632016 806
634016 781
636016 793
638016 817
640016 802
642016 818
644016 811
646016 826
648016 814
650016 825
652016 838
654016 1043
656016 823
658016 847
660016 894
662016 909
664016 845
666016 837
668016 850
670016 1120
672016 850
674016 844
676016 849
678016 1103
680016 871
682016 884
684016 865
686016 863
688016 870
690016 957
692016 867
694016 873
696016 871
698016 889
700016 898
702016 865
704016 882
706016 904
708016 873
710016 877
712016 882
714016 887
716016 887
718016 933
720016 900
722016 890
724016 899
726016 900
728016 923
730016 907
732016 917
734016 908
736016 920
738016 914
740016 919
742016 919
744016 922
746016 1008
748016 927
750016 941
752016 939
754016 937
756016 932
758016 959
760016 940
762016 939
764016 972
766016 1003
768016 1005
770016 964
772016 954
774016 962
776016 967
778016 962
780016 981
782016 965
784016 972
786016 1114
788016 980
790016 987
792016 1004
794016 979
796016 987
798016 991
800016 1012
802016 993
804016 1005
806016 1001
808016 1017
810016 1006
812016 1007
814016 1006
816016 1013
818016 1015
820016 1017
822016 1023
824016 1017
826016 1021
828016 1040
830016 1029
832016 1031
834016 1053
836016 1038
838016 1054
840016 1041
842016 1046
844016 1054
846016 1048
848016 1075
850016 1053
852016 1055
854016 1085
856016 1063
858016 1085
860016 1066
862016 1073
864016 1090
866016 1069
868016 1080
870016 1091
872016 1084
874016 1083
876016 1087
878016 1085
880016 1086
882016 1096
884016 1097
886016 1093
888016 1122
890016 1116
892016 1106
894016 1115
896016 1130
898016 1109
900016 1124
902016 1121
904016 1142
906016 1121
908016 1160
910016 1129
912016 1127
914016 1133
916016 1152
918016 1156
920016 1140
922016 1226
924016 1152
926016 1148
928016 1172
930016 1152
932016 1157
934016 1161
936016 1161
938016 1160
940016 1179
942016 1175
944016 1255
946016 1170
948016 1174
950016 1178
952016 1174
954016 1185
956016 1191
958016 1205
960016 1280
962016 1213
964016 1193
966016 1198
968016 1201
970016 1203
972016 1205
974016 1210
976016 1208
978016 1216
980016 1209
982016 1225
984016 1220
986016 1238
988016 1223
990016 1227
992016 1226
994016 1232
996016 1249
998016 1270
1000016 1269
1002016 1258
1004016 1245
1006016 1244
1008016 1260
1010016 1253
1012016 1394
1014016 1283
1016016 1277
1018016 1274
1020016 1261
1022016 1266
1024016 1271
1026016 1277
1028016 1348
1030016 1314
1032016 1305
1034016 1281
1036016 1308
1038016 1295
1040016 1290
1042016 1316
1044016 1310
1046016 1414
1048016 1296
1050016 1297
1052016 1316
1054016 1324
1056016 1312
1058016 1308
1060016 1337
1062016 1332
1064016 1318
1066016 1315
1068016 1347
1070016 1409
1072016 1328
1074016 1331
1076016 1371
1078016 1340
1080016 1336
1082016 1375
1084016 1400
1086016 1346
1088016 1357
1090016 1352
1092016 1371
1094016 1362
1096016 1356
1098016 1478
1100016 1359
1102016 1365
1104016 1377
1106016 1397
1108016 1391
1110016 1373
1112016 1428
1114016 1378
1116016 1387
1118016 1389
1120016 1394
1122016 1426
1124016 1392
1126016 1458
1128016 1393
1130016 1406
1132016 1399
1134016 1420
1136016 1409
1138016 1405
1140016 1428
1142016 1468
1144016 1426
1146016 1443
1148016 1425
1150016 1432
1152016 1570
1154016 1437
1156016 1502
1158016 1440
1160016 1460
1162016 1450
1164016 1446
1166016 1494
1168016 1468
1170016 1452
1172016 1465
1174016 1459
1176016 1471
1178016 1532
1180016 1460
1182016 1595
1184016 1469
1186016 1506
1188016 1472
1190016 1498
1192016 1510
1194016 1505
1196016 1487
1198016 1486
1200016 1642
1202016 1493
1204016 1494
1206016 1524
1208016 1504
1210016 1497
1212016 1538
1214016 1524
1216016 1592
1218016 1507
1220016 1566
1222016 1544
1224016 1599
1226016 1529
1228016 1552
1230016 1566
1232016 1545
1234016 1529
1236016 1533
1238016 1603
1240016 1554
1242016 1540
1244016 1578
1246016 1567
1248016 1559
1250016 1543
1252016 1572
1254016 1578
1256016 1567
1258016 1557
1260016 1559
1262016 1566
1264016 1581
1266016 1569
1268016 1587
1270016 1763
1272016 1598
1274016 1588
1276016 1726
1278016 1587
1280016 1729
1282016 1590
1284016 1701
1286016 1634
1288016 1592
1290016 1598
1292016 1605
1294016 1607
1296016 1611
1298016 1663
1300016 1633
1302016 1626
1304016 1643
1306016 1618
1308016 1631
1310016 1637
1312016 1620
1314016 1628
1316016 1645
1318016 1656
1320016 1662
1322016 1667
1324016 1639
1326016 1761
1328016 1648
1330016 1670
1332016 1678
1334016 1816
1336016 1680
1338016 1679
1340016 1659
1342016 1676
1344016 1661
1346016 1667
1348016 1665
1350016 1706
1352016 1712
1354016 1703
1356016 1690
1358016 1692
1360016 1695
1362016 1737
1364016 1799
1366016 1704
1368016 1694
1370016 1700
1372016 1728
1374016 1708
1376016 1729
1378016 1723
1380016 1746
1382016 1716
1384016 1716
1386016 1763
1388016 1757
1390016 1726
1392016 1734
1394016 1746
1396016 1771
1398016 1727
1400016 1746
1402016 1779
1404016 1822
1406016 1779
1408016 1784
1410016 1779
1412016 1768
1414016 1763
1416016 1854
1418016 1786
1420016 1757
1422016 1768
1424016 1785
1426016 1788
1428016 1795
1430016 1784
1432016 1774
1434016 1785
1436016 1777
1438016 1815
1440016 1783
1442016 1781
1444016 1822
1446016 1786
1448016 1809
1450016 1924
1452016 1809
1454016 1816
1456016 1834
1458016 1805
1460016 1853
1462016 1809
1464016 1852
1466016 1818
1468016 1837
1470016 1823
1472016 1988
1474016 1960
1476016 1841
1478016 2063
1480016 1897
1482016 1834
1484016 1836
1486016 1849
1488016 1893
1490016 1931
1492016 2006
1494016 1980
1496016 1853
1498016 1874
1500016 1880
1502016 1885
1504016 1868
1506016 1919
1508016 1890
1510016 1902
1512016 1941
1514016 1962
1516016 1900
1518016 1914
1520016 1930
1522016 1962
1524016 1896
1526016 1907
1528016 1920
1530016 1931
1532016 2047
1534016 1926
1536016 1920
1538016 1929
1540016 1951
1542016 1972
1544016 1981
1546016 1928
1548016 1996
1550016 1987
1552016 1941
1554016 1966
1556016 1950
1558016 2011
1560016 1995
1562016 1976
1564016 1992
1566016 1968
1568016 1952
1570016 1950
1572016 1955
1574016 1957
1576016 1959
1578016 1961
1580016 1998
1582016 1980
1584016 2000
1586016 2015
1588016 2005
1590016 2004
1592016 2020
1594016 2020
1596016 1982
1598016 1990
1600016 2119
1602016 1990
1604016 2087
1606016 2033
1608016 2076
1610016 2020
1612016 2064
1614016 2050
1616016 2036
1618016 2067
1620016 2192
1622016 2036
1624016 2037
1626016 2018
1628016 2056
1630016 2060
1632016 2076
1634016 2082
1636016 2063
1638016 2060
1640016 2212
1642016 2054
1644016 2065
1646016 2085
1648016 2234
1650016 2072
1652016 2054
1654016 2062
1656016 2069
1658016 2094
1660016 2083
1662016 2083
1664016 2109
1666016 2117
1668016 2083
1670016 2039
1672016 2037
1674016 2022
1676016 2024
1678016 1980
1680016 2014
1682016 1955
1684016 1933
1686016 1917
1688016 1895
1690016 1917
1692016 2005
1694016 1954
1696016 1852
1698016 1869
1700016 1843
1702016 1818
1704016 1826
1706016 1787
1708016 1765
1710016 1756
1712016 1767
1714016 1746
1716016 1712
1718016 1734
1720016 1739
1722016 1668
1724016 1675
1726016 1687
1728016 1659
1730016 1674
1732016 1654
1734016 1649
1736016 1646
1738016 1636
1740016 1631
1742016 1611
1744016 1602
1746016 1605
1748016 1582
1750016 1576
1752016 1707
1754016 1557
1756016 1568
1758016 1578
1760016 1541
1762016 1533
1764016 1531
1766016 1566
1768016 1527
1770016 1531
1772016 1500
1774016 1621
1776016 1498
1778016 1526
1780016 1525
1782016 1486
1784016 1453
1786016 1469
1788016 1443
1790016 1439
1792016 1437
1794016 1430
1796016 1447
1798016 1424
1800016 1483
1802016 1440
1804016 1465
1806016 1425
1808016 1479
1810016 1437
1812016 1453
1814016 1445
1816016 1429
1818016 1458
1820016 1467
1822016 1430
1824016 1436
1826016 1487
1828016 1443
1830016 1456
1832016 1443
1834016 1427
1836016 1470
1838016 1449
1840016 1441
1842016 1451
1844016 1466
1846016 1451
1848016 1461
1850016 1467
1852016 1523
1854016 1480
1856016 1459
1858016 1486
1860016 1481
1862016 1466
1864016 1465
1866016 1494
1868016 1473
1870016 1499
1872016 1495
1874016 1486
1876016 1565
1878016 1475
1880016 1480
1882016 1516
1884016 1480
1886016 1488
1888016 1514
1890016 1459
1892016 1530
1894016 1526
1896016 1490
1898016 1486
1900016 1505
1902016 1519
1904016 1499
1906016 1528
1908016 1519
1910016 1508
1912016 1558
1914016 1522
1916016 1508
1918016 1537
1920016 1555
1922016 1585
1924016 1512
1926016 1544
1928016 1525
1930016 1534
1932016 1543
1934016 1550
1936016 1572
1938016 1581
1940016 1520
1942016 1526
1944016 1551
1946016 1542
1948016 1585
1950016 1532
1952016 1527
1954016 1680
1956016 1816
1958016 2071
1960016 1785
1962016 1580
1964016 1564
1966016 1608
1968016 1611
1970016 1613
1972016 1589
1974016 1583
1976016 1599
1978016 1659
1980016 1627
1982016 2917
1984016 1714
1986016 1558
1988016 1604
1990016 1551
1992016 1691
1994016 1593
1996016 1608
1998016 1586
2000016 1570
2002016 1685
2004016 1706
2006016 2382
2008016 1607
2010016 1591
2012016 1576
2014016 1593
2016016 1636
2018016 1613
2020016 1616
2022016 1687
2024016 1594
2026016 1595
2028016 1699
2030016 1602
2032016 1615
2034016 1616
2036016 1667
2038016 1632
2040016 1676
2042016 1697
2044016 2233
2046016 1630
2048016 1678
2050016 1646
2052016 1641
2054016 1620
2056016 1625
2058016 1663
2060016 1669
2062016 1678
2064016 1734
2066016 1714
2068016 1669
2070016 1675
2072016 1710
2074016 1704
2076016 1660
2078016 1671
2080016 1716
2082016 1695
2084016 1663
2086016 1664
2088016 1661
2090016 1657
2092016 1671
2094016 1650
2096016 1671
2098016 1652
2100016 1641
2102016 1677
2104016 1679
2106016 1904
2108016 1695
2110016 1705
2112016 1695
2114016 1681
2116016 1915
2118016 1748
2120016 1674
2122016 1680
2124016 1676
2126016 1731
2128016 1704
2130016 1715
2132016 1680
2134016 1679
2136016 1680
2138016 1683
2140016 1767
2142016 1791
2144016 1827
2146016 3011
2148016 1731
2150016 1718
2152016 1696
2154016 1721
2156016 1689
2158016 1736
2160016 1754
2162016 1698
2164016 1718
2166016 1714
2168016 1759
2170016 1725
2172016 1723
2174016 1734
2176016 1705
2178016 1960
2180016 1756
2182016 1716
2184016 1712
2186016 1728
2188016 1757
2190016 1739
2192016 1722
2194016 1725
2196016 1765
2198016 1816
2200016 1720
2202016 1745
2204016 1791
2206016 1758
2208016 1738
2210016 1736
2212016 1766
2214016 1780
2216016 1740
2218016 1776
2220016 1802
2222016 1781
2224016 1776
2226016 1753
2228016 1781
2230016 1776
2232016 1743
2234016 1817
2236016 1743
2238016 1768
2240016 1831
2242016 1841
2244016 1837
2246016 1780
2248016 2018
2250016 1801
2252016 1793
2254016 1779
2256016 1802
2258016 1770
2260016 1790
2262016 1834
2264016 1816
2266016 1817
2268016 1780
2270016 1802
2272016 1847
2274016 1856
2276016 1855
2278016 1776
2280016 1882
2282016 1839
2284016 1784
2286016 1875
2288016 1789
2290016 1834
2292016 1861
2294016 1902
2296016 1819
2298016 1816
2300016 1843
2302016 1798
2304016 1867
2306016 1829
2308016 1843
2310016 1824
2312016 1873
2314016 1824
2316016 1878
2318016 1883
2320016 1918
2322016 1882
2324016 1843
2326016 1837
2328016 2032
2330016 1862
2332016 1820
2334016 1899
2336016 1847
2338016 1869
2340016 1853
2342016 1866
2344016 1866
2346016 1862
2348016 1834
2350016 1889
2352016 1937
2354016 1838
2356016 2215
2358016 1889
2360016 1886
2362016 1896
2364016 1847
2366016 2154
2368016 1831
2370016 1921
2372016 1854
2374016 1854
2376016 1886
2378016 1857
2380016 1895
2382016 1937
2384016 1889
2386016 1906
2388016 1893
2390016 1875
2392016 1938
2394016 1898
2396016 1891
2398016 1940
2400016 1925
2402016 1945
2404016 1901
2406016 1910
2408016 1917
2410016 1920
2412016 2127
2414016 1965
2416016 2103
2418016 2012
2420016 1949
2422016 2016
2424016 2105
2426016 1930
2428016 1935
2430016 2215
2432016 4972
2434016 1964
2436016 1964
2438016 1969
2440016 1909
2442016 2054
2444016 1964
2446016 1986
2448016 2068
2450016 1950
2452016 1955
2454016 1979
2456016 2061
2458016 1976
2460016 2450
2462016 1966
2464016 2042
2466016 2029
2468016 2005
2470016 1957
2472016 1929
2474016 2002
2476016 1966
2478016 1990
2480016 1954
2482016 1932
2484016 1931
2486016 1933
2488016 1955
2490016 1959
2492016 1984
2494016 1947
2496016 1941
2498016 2004
2500016 1984
2502016 1996
2504016 1996
2506016 2167
2508016 2065
2510016 2036
2512016 1997
2514016 2024
2516016 2028
2518016 2566
2520016 2014
2522016 2009
2524016 2034
2526016 2042
2528016 2064
2530016 2033
2532016 1990
2534016 2015
2536016 1995
2538016 2057
2540016 2066
2542016 2027
2544016 2006
2546016 2067
2548016 2010
2550016 2072
2552016 2069
2554016 2054
2556016 2110
2558016 2084
2560016 2034
2562016 1992
2564016 1991
2566016 2009
2568016 2013
2570016 2007
2572016 1999
2574016 2098
2576016 2080
2578016 2123
2580016 2076
2582016 2097
2584016 2089
2586016 2074
2588016 2026
2590016 2035
2592016 2028
2594016 2093
2596016 2064
2598016 2075
2600016 2086
2602016 2137
2604016 2196
2606016 2058
2608016 2038
2610016 2061
2612016 2066
2614016 2134
2616016 2074
2618016 2072
2620016 2137
2622016 2058
2624016 2079
2626016 2087
2628016 2040
2630016 2071
2632016 2108
2634016 2143
2636016 2121
2638016 2074
2640016 2075
2642016 2428
2644016 2127
2646016 2139
2648016 2144
2650016 2104
2652016 2437
2654016 2306
2656016 2472
2658016 2240
2660016 2263
2662016 2105
2664016 2196
2666016 2275
2668016 2923
2670016 2896
2672016 2288
2674016 2312
2676016 2296
2678016 2676
2680016 2198
2682016 2499
2684016 2315
2686016 2136
2688016 2275
2690016 3442
2692016 2132
2694016 2220
2696016 2178
2698016 2188
2700016 2372
2702016 2145
2704016 2351
2706016 2571
2708016 2192
2710016 2155
2712016 2166
2714016 2133
2716016 2133
2718016 2324
2720016 2168
2722016 2194
2724016 2184
2726016 2199
2728016 2177
2730016 3086
2732016 2172
2734016 2229
2736016 2297
2738016 2152
2740016 2195
2742016 2226
2744016 2150
2746016 2155
2748016 2212
2750016 2157
2752016 2181
2754016 2174
2756016 2191
2758016 2165
2760016 2179
2762016 2195
2764016 2223
2766016 2204
2768016 2214
2770016 2216
2772016 2203
2774016 2271
2776016 2232
2778016 2182
2780016 2248
2782016 2248
2784016 2292
2786016 2223
2788016 2231
2790016 2182
2792016 2227
2794016 2196
2796016 2227
2798016 2345
2800016 2245
2802016 2192
2804016 2222
2806016 2276
2808016 2292
2810016 2210
2812016 2248
2814016 2219
2816016 2237
2818016 2220
2820016 2240
2822016 2281
2824016 2206
2826016 2514
2828016 2217
2830016 2316
2832016 2226
2834016 2250
2836016 2259
2838016 2323
2840016 2250
2842016 2248
2844016 2260
2846016 2469
2848016 2294
2850016 2296
2852016 2315
2854016 2220
2856016 2274
2858016 2243
2860016 2285
2862016 2235
2864016 2347
2866016 2366
2868016 2278
2870016 2235
2872016 2257
2874016 2298
2876016 2291
2878016 2305
2880016 2344
2882016 2372
2884016 2251
2886016 2303
2888016 2337
2890016 2330
2892016 2276
2894016 2335
2896016 2521
2898016 2331
2900016 2286
2902016 2316
2904016 2288
2906016 2509
2908016 2340
2910016 2316
2912016 2279
2914016 2300
2916016 2353
2918016 2954
2920016 2332
2922016 2544
2924016 2337
2926016 2405
2928016 2382
2930016 2342
2932016 2344
2934016 2387
2936016 2332
2938016 2291
2940016 2362
2942016 2346
2944016 2348
2946016 2307
2948016 2380
2950016 2335
2952016 2322
2954016 2351
2956016 2326
2958016 2321
2960016 2327
2962016 2366
2964016 2381
2966016 2308
2968016 2409
2970016 2687
2972016 2371
2974016 2405
2976016 2377
2978016 2410
2980016 2321
2982016 2331
2984016 2405
2986016 2647
2988016 2445
2990016 2408
2992016 2381
2994016 2396
2996016 2340
2998016 2345
3000016 2390
3002016 2372
3004016 2391
3006016 2479
3008016 2675
3010016 2400
3012016 2426
3014016 2365
3016016 2384
3018016 2414
3020016 2359
3022016 2393
3024016 2356
3026016 2396
3028016 2352
3030016 4164
3032016 2388
3034016 2396
3036016 2418
3038016 2415
3040016 2424
3042016 2433
3044016 2510
3046016 2493
3048016 2507
3050016 2915
3052016 2441
3054016 2420
3056016 2632
3058016 2428
3060016 2466
3062016 2478
3064016 2407
3066016 2495
3068016 3260
3070016 2445
3072016 2457
3074016 2443
3076016 2742
3078016 2406
3080016 2397
3082016 2531
3084016 2417
3086016 2714
3088016 2450
3090016 2710
3092016 2429
3094016 2428
3096016 2486
3098016 2653
3100016 2482
3102016 2452
3104016 2471
3106016 2498
3108016 2505
3110016 2450
3112016 2444
3114016 2462
3116016 2535
3118016 2673
3120016 2479
3122016 2479
3124016 2475
3126016 2492
3128016 2449
3130016 2484
3132016 2496
3134016 2474
3136016 2582
3138016 2453
3140016 2602
3142016 2511
3144016 2530
3146016 2702
3148016 2568
3150016 2462
3152016 2586
3154016 2545
3156016 2582
3158016 2532
3160016 2549
3162016 2510
3164016 2547
3166016 2567
3168016 2473
3170016 2485
3172016 2515
3174016 2516
3176016 2510
3178016 2884
3180016 2526
3182016 2540
3184016 2539
3186016 2577
3188016 2508
3190016 2606
3192016 2530
3194016 2523
3196016 2602
3198016 2582
3200016 2553
3202016 2501
3204016 2555
3206016 2589
3208016 2504
3210016 2580
3212016 2538
3214016 2526
3216016 2582
3218016 2578
3220016 2586
3222016 2605
3224016 2518
3226016 2641
3228016 2539
3230016 2615
3232016 2584
3234016 2554
3236016 2556
3238016 2625
3240016 2574
3242016 2647
3244016 2680
3246016 2630
3248016 2638
3250016 2681
3252016 2585
3254016 2585
3256016 2607
3258016 2656
3260016 2613
3262016 2615
3264016 2579
3266016 2566
3268016 2638
3270016 2613
3272016 2551
3274016 2638
3276016 2726
3278016 2590
3280016 2676
3282016 2563
3284016 2646
3286016 2629
3288016 2601
3290016 2595
3292016 2767
3294016 2614
3296016 2584
3298016 2594
3300016 2608
3302016 2582
3304016 2619
3306016 2607
3308016 2684
3310016 2651
3312016 2581
3314016 2622
3316016 2591
3318016 2609
3320016 2641
3322016 2622
3324016 2623
3326016 2726
3328016 2665
3330016 2605
3332016 2699
3334016 2683
3336016 2670
3338016 2644
3340016 2638
3342016 2680
3344016 2671
3346016 2656
3348016 2636
3350016 2699
3352016 2683
3354016 2652
3356016 2649
3358016 2694
3360016 2730
3362016 2711
3364016 2665
3366016 2666
3368016 2726
3370016 2762
3372016 2707
3374016 2702
3376016 2699
3378016 2752
3380016 2682
3382016 2772
3384016 2649
3386016 2711
3388016 2694
3390016 2676
3392016 2718
3394016 2690
3396016 2660
3398016 2715
3400016 2884
3402016 2714
3404016 2706
3406016 2693
3408016 2657
3410016 2675
3412016 2837
3414016 2734
3416016 2792
3418016 2702
3420016 2791
3422016 2739
3424016 2686
3426016 2696
3428016 2960
3430016 2829
3432016 2867
3434016 2737
3436016 2702
3438016 2706
3440016 2726
3442016 3137
3444016 2893
3446016 2719
3448016 2901
3450016 2827
3452016 2935
3454016 2756
3456016 3450
3458016 3012
3460016 2943
3462016 3945
3464016 3146
3466016 2832
3468016 2837
3470016 3511
3472016 2864
3474016 4498
3476016 3086
3478016 2796
3480016 2810
3482016 2759
3484016 2749
3486016 2761
3488016 2914
3490016 2758
3492016 2779
3494016 2950
3496016 2881
3498016 2780
3500016 2786
3502016 2933
3504016 2948
3506016 2815
3508016 2792
3510016 2820
3512016 2837
3514016 2782
3516016 2739
3518016 2806
3520016 2790
3522016 2797
3524016 2797
3526016 2858
3528016 2865
3530016 2932
3532016 2951
3534016 2818
3536016 2818
3538016 2843
3540016 2923
3542016 2872
3544016 2855
3546016 2863
3548016 2869
3550016 2831
3552016 3008
3554016 2842
3556016 2785
3558016 2852
3560016 2961
3562016 2923
3564016 2830
3566016 2843
3568016 2779
3570016 2785
3572016 2793
3574016 2789
3576016 2790
3578016 2819
3580016 2997
3582016 2901
3584016 2828
3586016 2829
3588016 2824
3590016 2874
3592016 2837
3594016 2841
3596016 2860
3598016 2885
3600016 2846
3602016 2869
3604016 2888
3606016 2861
3608016 2901
3610016 2881
3612016 2850
3614016 3044
3616016 2895
3618016 2857
3620016 2889
3622016 3020
3624016 2966
3626016 2951
3628016 2951
3630016 2880
3632016 2902
3634016 2895
3636016 2869
3638016 2929
3640016 2922
3642016 2882
3644016 2862
3646016 2863
3648016 2921
3650016 2910
3652016 2908
3654016 2865
3656016 2861
3658016 2888
3660016 2919
3662016 2945
3664016 2877
3666016 3132
3668016 2934
3670016 2906
3672016 2903
3674016 2947
3676016 2886
3678016 2893
3680016 2998
3682016 2963
3684016 2916
3686016 2903
3688016 2939
3690016 2957
3692016 2942
3694016 2908
3696016 3112
3698016 3118
3700016 2927
3702016 3051
3704016 2946
3706016 2913
3708016 2963
3710016 2936
3712016 2944
3714016 2927
3716016 3267
3718016 2985
3720016 2904
3722016 2934
3724016 3211
3726016 2924
3728016 2984
3730016 2927
3732016 2927
3734016 2991
3736016 3183
3738016 2983
3740016 2962
3742016 2981
3744016 3102
3746016 3020
3748016 2977
3750016 2961
3752016 3025
3754016 3065
3756016 2999
3758016 2990
3760016 3148
3762016 3125
3764016 3129
3766016 3358
3768016 2993
3770016 3003
3772016 2985
3774016 2983
3776016 3088
3778016 3099
3780016 3231
3782016 3154
3784016 3128
3786016 3356
3788016 3136
3790016 4239
3792016 3079
3794016 3004
3796016 3058
3798016 3070
3800016 3065
3802016 3009
3804016 3016
3806016 2974
3808016 3093
3810016 2993
3812016 3019
3814016 4162
3816016 3184
3818016 3274
3820016 3076
3822016 3117
3824016 3093
3826016 3002
3828016 3121
3830016 3073
3832016 3038
3834016 3491
3836016 4069
3838016 3102
3840016 3127
3842016 3055
3844016 3087
3846016 3058
3848016 3171
3850016 3031
3852016 3039
3854016 3066
3856016 3223
3858016 3079
3860016 3051
3862016 3058
3864016 3028
3866016 3394
3868016 3077
3870016 3042
3872016 3071
3874016 3063
3876016 3061
3878016 3052
3880016 3101
3882016 3467
3884016 3440
3886016 3412
3888016 3549
3890016 3091
3892016 3511
3894016 3149
3896016 3479
3898016 3339
3900016 3240
3902016 3265
3904016 3367
3906016 3276
3908016 3068
3910016 3287
3912016 3078
3914016 3270
3916016 3075
3918016 3342
3920016 3408
3922016 3317
3924016 3549
3926016 3278
3928016 3351
3930016 3279
3932016 3295
3934016 3119
3936016 3148
3938016 3072
3940016 3126
3942016 3095
3944016 5832
3946016 3387
3948016 3160
3950016 3331
3952016 3084
3954016 3322
3956016 3199
3958016 3277
3960016 3311
3962016 3198
3964016 3198
3966016 3106
3968016 3212
3970016 3151
3972016 3137
3974016 3197
3976016 3274
3978016 3164
3980016 3131
3982016 3182
3984016 3155
3986016 3173
3988016 3135
3990016 3244
3992016 3157
3994016 3167
3996016 3124
3998016 3156
4000016 3149
4002016 3160
4004016 3220
4006016 3179
4008016 3368
4010016 3402
4012016 3227
4014016 3286
4016016 3646
4018016 3274
4020016 3247
4022016 3173
4024016 3253
4026016 3201
4028016 3182
4030016 3238
4032016 3250
4034016 3186
4036016 3186
4038016 3185
4040016 3363
4042016 3166
4044016 3351
4046016 3501
4048016 3268
4050016 3535
4052016 3243
4054016 3216
4056016 3314
4058016 3235
4060016 3319
4062016 4183
4064016 3397
4066016 3282
4068016 3458
4070016 3212
4072016 3198
4074016 3319
4076016 3382
4078016 3350
4080016 3231
4082016 3345
4084016 3517
4086016 3360
4088016 3199
4090016 3230
4092016 3253
4094016 3210
4096016 3349
4098016 3304
4100016 3256
4102016 3220
4104016 3354
4106016 3337
4108016 3263
4110016 3228
4112016 3278
4114016 3272
4116016 3275
4118016 3410
4120016 3258
4122016 3294
4124016 3272
4126016 3257
4128016 3286
4130016 3296
4132016 3279
4134016 3307
4136016 3403
4138016 3263
4140016 3299
4142016 3283
4144016 3282
4146016 3297
4148016 3247
4150016 3277
4152016 3287
4154016 3307
4156016 3295
4158016 3368
4160016 3272
4162016 3287
4164016 3267
4166016 3340
4168016 3347
4170016 3542
4172016 3393
4174016 3302
4176016 3499
4178016 3310
4180016 3541
4182016 3469
4184016 3345
4186016 3632
4188016 3381
4190016 3325
4192016 3337
4194016 3322
4196016 3328
4198016 3342
4200016 3344
4202016 3306
4204016 3325
4206016 3332
4208016 3370
4210016 3357
4212016 3314
4214016 3443
4216016 3354
4218016 3373
4220016 3331
4222016 3338
4224016 3348
4226016 3365
4228016 3348
4230016 3383
4232016 3420
4234016 3538
4236016 3388
4238016 3365
4240016 3426
4242016 3395
4244016 3364
4246016 3356
4248016 3352
4250016 3364
4252016 3428
4254016 3498
4256016 3378
4258016 3386
4260016 3384
4262016 3355
4264016 3423
4266016 3492
4268016 3513
4270016 3383
4272016 3498
4274016 3394
4276016 3382
4278016 3707
4280016 3396
4282016 3383
4284016 3391
4286016 3400
4288016 3632
4290016 3382
4292016 3418
4294016 3431
4296016 3452
4298016 3431
4300016 3447
4302016 3490
4304016 3485
4306016 3439
4308016 3400
4310016 3419
4312016 3427
4314016 3466
4316016 3463
4318016 3445
4320016 3506
4322016 3466
4324016 3454
4326016 3446
4328016 3444
4330016 3440
4332016 3581
4334016 3411
4336016 3446
4338016 3468
4340016 3504
4342016 3444
4344016 3468
4346016 3470
4348016 3478
4350016 3446
4352016 3549
4354016 3482
4356016 3500
4358016 3539
4360016 3444
4362016 3443
4364016 3632
4366016 3444
4368016 3510
4370016 3483
4372016 3455
4374016 3451
4376016 3548
4378016 3513
4380016 3494
4382016 3578
4384016 3642
4386016 3466
4388016 3564
4390016 3540
4392016 3683
4394016 3485
4396016 3492
4398016 3674
4400016 3465
4402016 3478
4404016 3489
4406016 3461
4408016 3506
4410016 3497
4412016 3497
4414016 3657
4416016 3520
4418016 3477
4420016 3494
4422016 3452
4424016 3485
4426016 3480
4428016 3523
4430016 3504
4432016 3509
4434016 3496
4436016 3504
4438016 3521
4440016 3489
4442016 3548
4444016 3529
4446016 3504
4448016 3510
4450016 3709
4452016 3541
4454016 3506
4456016 3762
4458016 3565
4460016 3493
4462016 3527
4464016 3777
4466016 3535
4468016 3613
4470016 3562
4472016 3801
4474016 3558
4476016 3543
4478016 3508
4480016 3600
4482016 3544
4484016 3548
4486016 3793
4488016 3610
4490016 3818
4492016 3715
4494016 3567
4496016 3559
4498016 3546
4500016 3701
4502016 3586
4504016 3556
4506016 3539
4508016 3541
4510016 3559
4512016 3573
4514016 3598
4516016 3584
4518016 3564
4520016 3600
4522016 3580
4524016 3574
4526016 3619
4528016 3591
4530016 3597
4532016 3578
4534016 3572
4536016 3616
4538016 3543
4540016 3592
4542016 3618
4544016 3778
4546016 3626
4548016 3777
4550016 3570
4552016 3629
4554016 3566
4556016 3899
4558016 3613
4560016 3934
4562016 3620
4564016 3621
4566016 3793
4568016 3598
4570016 3597
4572016 3713
4574016 4015
4576016 3623
4578016 3803
4580016 3755
4582016 3607
4584016 3623
4586016 3852
4588016 3668
4590016 3697
4592016 4392
4594016 3608
4596016 3897
4598016 3611
4600016 3635
4602016 3624
4604016 3623
4606016 3634
4608016 3809
4610016 3674
4612016 3644
4614016 3639
4616016 3640
4618016 3749
4620016 3865
4622016 3625
4624016 3648
4626016 3619
4628016 3623
4630016 3673
4632016 4007
4634016 3802
4636016 3700
4638016 3658
4640016 3648
4642016 3661
4644016 3975
4646016 4287
4648016 3765
4650016 3757
4652016 3762
4654016 3791
4656016 3668
4658016 3887
4660016 3883
4662016 3840
4664016 3826
4666016 3888
4668016 3652
4670016 3886
4672016 3697
4674016 3696
4676016 3696
4678016 3688
4680016 3777
4682016 3783
4684016 3730
4686016 3707
4688016 3708
4690016 3702
4692016 3742
4694016 3736
4696016 3697
4698016 3746
4700016 3910
4702016 3721
4704016 3686
4706016 3748
4708016 3768
4710016 3729
4712016 3753
4714016 3768
4716016 3709
4718016 3848
4720016 3731
4722016 3723
4724016 3721
4726016 3758
4728016 3744
4730016 3754
4732016 3768
4734016 3725
4736016 3872
4738016 3855
4740016 3991
4742016 3757
4744016 3781
4746016 3870
4748016 3735
4750016 3749
4752016 3814
4754016 3838
4756016 3786
4758016 4051
4760016 3936
4762016 3756
4764016 3733
4766016 3767
4768016 3800
4770016 3902
4772016 3839
4774016 4035
4776016 4012
4778016 4075
4780016 4043
4782016 3788
4784016 3794
4786016 3789
4788016 3789
4790016 3785
4792016 3803
4794016 3781
4796016 3800
4798016 3810
4800016 3867
4802016 3984
4804016 3776
4806016 3782
4808016 3793
4810016 3811
4812016 3865
4814016 3830
4816016 3838
4818016 3836
4820016 3809
4822016 3995
4824016 3818
4826016 4028
4828016 3865
4830016 3810
4832016 3799
4834016 3829
4836016 3820
4838016 3923
4840016 4088
4842016 6912
4844016 4016
4846016 4081
4848016 3935
4850016 3836
4852016 3838
4854016 3848
4856016 4104
4858016 3831
4860016 3835
4862016 3844
4864016 3829
4866016 3882
4868016 4129
4870016 4074
4872016 4005
4874016 4046
4876016 3856
4878016 3872
4880016 4022
4882016 3935
4884016 3907
4886016 3898
4888016 3847
4890016 4095
4892016 4163
4894016 3891
4896016 3902
4898016 4093
4900016 4129
4902016 4116
4904016 4102
4906016 3892
4908016 3893
4910016 4137
4912016 3883
4914016 3907
4916016 4074
4918016 4182
4920016 4076
4922016 4088
4924016 3923
4926016 4313
4928016 4095
4930016 3949
4932016 3894
4934016 3895
4936016 3902
4938016 3879
4940016 3931
4942016 3927
4944016 3933
4946016 3947
4948016 3929
4950016 3941
4952016 3886
4954016 3962
4956016 3946
4958016 4791
4960016 4013
4962016 3986
4964016 3908
4966016 3999
4968016 3949
4970016 4071
4972016 3934
4974016 3960
4976016 4285
4978016 3964
4980016 3945
4982016 3900
4984016 3906
4986016 4038
4988016 3914
4990016 3946
4992016 4174
4994016 4030
4996016 3938
4998016 4372
5000016 3982
5002016 4202
5004016 4244
5006016 4304
5008016 4273
5010016 4404
5012016 4092
5014016 4138
5016016 4141
5018016 5108
5020016 4449
5022016 4285
5024016 3970
5026016 3989
5028016 4130
5030016 4161
5032016 3967
5034016 3976
5036016 3980
5038016 3946
5040016 3968
5042016 4002
5044016 4144
5046016 4002
5048016 3995
5050016 4180
5052016 4367
5054016 4238
5056016 4114
5058016 4102
5060016 4266
5062016 4208
5064016 4345
5066016 4149
5068016 4351
5070016 4086
5072016 4185
5074016 4334
5076016 4212
5078016 4275
5080016 3998
5082016 4028
5084016 4115
5086016 4236
5088016 4224
5090016 4283
5092016 4274
5094016 4197
5096016 4020
5098016 4054
5100016 4152
5102016 4244
5104016 4233
5106016 4284
5108016 4031
5110016 4022
5112016 4046
5114016 4304
5116016 4324
5118016 4328
5120016 4365
5122016 4205
5124016 4187
5126016 4097
5128016 4130
5130016 4062
5132016 4063
5134016 4070
5136016 4020
5138016 4031
5140016 4084
5142016 4116
5144016 4249
5146016 4057
5148016 4076
5150016 4111
5152016 4095
5154016 4089
5156016 4090
5158016 4168
5160016 4173
5162016 4172
5164016 4085
5166016 4094
5168016 4107
5170016 5761
5172016 4113
5174016 4354
5176016 4211
5178016 4199
5180016 4093
5182016 4105
5184016 4093
5186016 4105
5188016 4234
5190016 4083
5192016 4090
5194016 4082
5196016 4125
5198016 4152
5200016 4107
5202016 4205
5204016 4392
5206016 4220
5208016 4181
5210016 4749
5212016 4148
5214016 4149
5216016 4376
5218016 4154
5220016 4486
5222016 4360
5224016 4436
5226016 4294
5228016 4569
5230016 4311
5232016 4338
5234016 4160
5236016 4176
5238016 4157
5240016 4178
5242016 4163
5244016 4157
5246016 4277
5248016 4169
5250016 4147
5252016 4171
5254016 4150
5256016 4155
5258016 4200
5260016 4296
5262016 4427
5264016 4397
5266016 4365
5268016 4343
5270016 4347
5272016 4379
5274016 4369
5276016 4355
5278016 4478
5280016 4477
5282016 4326
5284016 4229
5286016 4165
5288016 4190
5290016 4188
5292016 4187
5294016 4383
5296016 4190
5298016 4258
5300016 4246
5302016 4302
5304016 4310
5306016 4221
5308016 4200
5310016 4191
5312016 4187
5314016 4208
5316016 4704
5318016 4646
5320016 4651
5322016 4775
5324016 4660
5326016 4596
5328016 4792
5330016 4695
5332016 4575
5334016 4513
5336016 4255
5338016 4246
5340016 4217
5342016 4226
5344016 4215
5346016 4213
5348016 4377
5350016 4244
5352016 4233
5354016 4360
5356016 4229
5358016 4274
5360016 4683
5362016 5027
5364016 4515
5366016 4786
5368016 4770
5370016 4252
5372016 4609
5374016 4355
5376016 4668
5378016 7219
5380016 4271
5382016 4437
5384016 4299
5386016 4331
5388016 4274
5390016 4267
5392016 4283
5394016 4253
5396016 4283
5398016 4364
5400016 4354
5402016 4286
5404016 4272
5406016 4337
5408016 4313
5410016 4282
5412016 4249
5414016 4339
5416016 4291
5418016 4459
5420016 4371
5422016 4302
5424016 4284
5426016 4310
5428016 4292
5430016 4276
5432016 4276
5434016 4346
5436016 4332
5438016 4316
5440016 4419
5442016 4342
5444016 4340
5446016 4329
5448016 4400
5450016 4305
5452016 4345
5454016 4475
5456016 4301
5458016 4334
5460016 4345
5462016 4317
5464016 4342
5466016 4284
5468016 4308
5470016 4347
5472016 4414
5474016 4330
5476016 4319
5478016 4304
5480016 4355
5482016 4462
5484016 4512
5486016 4926
5488016 4376
5490016 4360
5492016 4396
5494016 4358
5496016 4386
5498016 4439
5500016 4429
5502016 4358
5504016 4346
5506016 4390
5508016 4381
5510016 4387
5512016 4355
5514016 4357
5516016 4368
5518016 4359
5520016 4368
5522016 4356
5524016 4381
5526016 4366
5528016 4372
5530016 4414
5532016 4500
5534016 4443
5536016 4407
5538016 4388
5540016 4371
5542016 4409
5544016 4398
5546016 4382
5548016 4398
5550016 4758
5552016 4374
5554016 4408
5556016 4632
5558016 4461
5560016 4407
5562016 4411
5564016 4434
5566016 4397
5568016 4412
5570016 4395
5572016 4371
5574016 4406
5576016 4391
5578016 4415
5580016 4415
5582016 4482
5584016 4524
5586016 4566
5588016 4396
5590016 4426
5592016 4640
5594016 4677
5596016 4415
5598016 4630
5600016 4472
5602016 4482
5604016 4476
5606016 4764
5608016 4542
5610016 4527
5612016 4465
5614016 4543
5616016 4436
5618016 4418
5620016 4425
5622016 4438
5624016 4426
5626016 4509
5628016 4618
5630016 4458
5632016 4593
5634016 4482
5636016 4467
5638016 4445
5640016 4666
5642016 4469
5644016 4432
5646016 4540
5648016 4451
5650016 4456
5652016 4470
5654016 4474
5656016 4487
5658016 4474
5660016 4479
5662016 4586
5664016 4501
5666016 4477
5668016 4508
5670016 4471
5672016 4611
5674016 4612
5676016 4611
5678016 4488
5680016 4484
5682016 4541
5684016 4831
5686016 4501
5688016 4498
5690016 4533
5692016 4498
5694016 4542
5696016 4615
5698016 4563
5700016 4552
5702016 4551
5704016 4511
5706016 4558
5708016 4589
5710016 4566
5712016 4656
5714016 4637
5716016 4724
5718016 4664
5720016 4539
5722016 4559
5724016 4792
5726016 4822
5728016 5140
5730016 4566
5732016 4550
5734016 4534
5736016 4554
5738016 4602
5740016 4583
5742016 4704
5744016 4560
5746016 4554
5748016 4566
5750016 4561
5752016 4892
5754016 4731
5756016 4727
5758016 4708
5760016 4834
5762016 4646
5764016 4718
5766016 4643
5768016 4833
5770016 4790
5772016 4677
5774016 4744
5776016 4671
5778016 4662
5780016 4550
5782016 4591
5784016 4568
5786016 4560
5788016 4742
5790016 4780
5792016 4698
5794016 4695
5796016 4863
5798016 4743
5800016 4770
5802016 4740
5804016 4896
5806016 4608
5808016 4621
5810016 4790
5812016 4689
5814016 4589
5816016 4573
5818016 4593
5820016 4598
5822016 4625
5824016 4617
5826016 4652
5828016 4696
5830016 4617
5832016 4611
5834016 4751
5836016 4620
5838016 4782
5840016 4866
5842016 4667
5844016 4773
5846016 4655
5848016 4607
5850016 4848
5852016 4638
5854016 4624
5856016 4755
5858016 4634
5860016 4622
5862016 4646
5864016 4720
5866016 4720
5868016 4636
5870016 4726
5872016 4659
5874016 4644
5876016 4706
5878016 4972
5880016 4774
5882016 4805
5884016 4787
5886016 4629
5888016 4658
5890016 4724
5892016 4668
5894016 4642
5896016 4654
5898016 4737
5900016 4643
5902016 4653
5904016 4689
5906016 4672
5908016 4667
5910016 4704
5912016 4944
5914016 4673
5916016 4659
5918016 4791
5920016 4945
5922016 4680
5924016 4683
5926016 4755
5928016 4779
5930016 4796
5932016 5016
5934016 4694
5936016 4720
5938016 4681
5940016 4750
5942016 4693
5944016 4707
5946016 4882
5948016 4703
5950016 4767
5952016 4729
5954016 4777
5956016 4818
5958016 4876
5960016 4694
5962016 4777
5964016 4755
5966016 4724
5968016 4833
5970016 4741
5972016 4751
5974016 4823
5976016 4731
5978016 4757
5980016 4714
5982016 4802
5984016 4731
5986016 4839
5988016 4760
5990016 4925
5992016 4801
5994016 4897
5996016 4846
5998016 4869
6000016 4730
6002016 4886
6004016 4741
6006016 4783
6008016 4872
6010016 4797
6012016 4757
6014016 4753
6016016 4721
6018016 4793
6020016 4731
6022016 4730
6024016 4901
6026016 4877
6028016 4764
6030016 4737
6032016 4754
6034016 4741
6036016 4734
6038016 4765
6040016 4763
6042016 4754
6044016 4777
6046016 4872
6048016 4835
6050016 4748
6052016 4790
6054016 4769
6056016 4756
6058016 4787
6060016 4786
6062016 4770
6064016 4766
6066016 4770
6068016 4780
6070016 4796
6072016 4789
6074016 4790
6076016 4965
6078016 4968
6080016 4792
6082016 4810
6084016 4791
6086016 4960
6088016 4802
6090016 4851
6092016 4969
6094016 4976
6096016 4837
6098016 4840
6100016 4800
6102016 5001
6104016 4852
6106016 4839
6108016 4827
6110016 4831
6112016 4834
6114016 4880
6116016 4829
6118016 4841
6120016 4852
6122016 5012
6124016 4841
6126016 4859
6128016 4863
6130016 4856
6132016 4899
6134016 4997
6136016 4902
6138016 4834
6140016 4926
6142016 4854
6144016 4851
6146016 4855
6148016 4852
6150016 4860
6152016 4861
6154016 4849
6156016 4879
6158016 4917
6160016 5004
6162016 4874
6164016 4896
6166016 5041
6168016 4899
6170016 5094
6172016 4886
6174016 4896
6176016 4908
6178016 5002
6180016 5038
6182016 5013
6184016 4882
6186016 4866
6188016 4867
6190016 4881
6192016 4907
6194016 4923
6196016 4904
6198016 4879
6200016 4888
6202016 5115
6204016 4898
6206016 4864
6208016 4906
6210016 4929
6212016 5227
6214016 5043
6216016 4945
6218016 4916
6220016 4928
6222016 4924
6224016 4929
6226016 5050
6228016 5171
6230016 4941
6232016 4932
6234016 4895
6236016 5017
6238016 4995
6240016 4927
6242016 5015
6244016 4946
6246016 4954
6248016 4959
6250016 4994
6252016 5067
6254016 5002
6256016 5459
6258016 5165
6260016 4940
6262016 4957
6264016 5034
6266016 4960
6268016 4965
6270016 5137
6272016 4979
6274016 5004
6276016 4963
6278016 5117
6280016 5024
6282016 4963
6284016 5017
6286016 4966
6288016 4976
6290016 5000
6292016 5188
6294016 5152
6296016 4988
6298016 5350
6300016 4982
6302016 4993
6304016 4997
6306016 5170
6308016 5111
6310016 5024
6312016 5167
6314016 5030
6316016 5033
6318016 5000
6320016 5007
6322016 5012
6324016 5005
6326016 5029
6328016 5015
6330016 4988
6332016 5001
6334016 5028
6336016 5044
6338016 5005
6340016 5565
6342016 5013
6344016 5055
6346016 5039
6348016 5229
6350016 5007
6352016 5002
6354016 5017
6356016 4995
6358016 5030
6360016 5040
6362016 5056
6364016 5029
6366016 5015
6368016 5134
6370016 5046
6372016 5049
6374016 5103
6376016 5197
6378016 5044
6380016 5021
6382016 5071
6384016 5091
6386016 5330
6388016 5083
6390016 5215
6392016 5246
6394016 5351
6396016 5090
6398016 5288
6400016 5077
6402016 5068
6404016 5130
6406016 5127
6408016 5051
6410016 5058
6412016 5057
6414016 5224
6416016 5072
6418016 5073
6420016 5044
6422016 5072
6424016 5086
6426016 5155
6428016 5124
6430016 5262
6432016 5118
6434016 5080
6436016 5073
6438016 5069
6440016 5104
6442016 5077
6444016 5091
6446016 5309
6448016 5135
6450016 5334
6452016 5060
6454016 5392
6456016 5069
6458016 5110
6460016 5132
6462016 5290
6464016 5266
6466016 5119
6468016 5126
6470016 5166
6472016 5253
6474016 5140
6476016 5375
6478016 5137
6480016 5143
6482016 5154
6484016 5096
6486016 5182
6488016 5185
6490016 5127
6492016 5111
6494016 5120
6496016 5119
6498016 5130
6500016 5116
6502016 5098
6504016 5156
6506016 5100
6508016 5137
6510016 5104
6512016 5226
6514016 5217
6516016 5133
6518016 5126
6520016 5155
6522016 5129
6524016 5144
6526016 5151
6528016 5135
6530016 5144
6532016 5145
6534016 5140
6536016 5137
6538016 5216
6540016 5152
6542016 5150
6544016 5160
6546016 5186
6548016 5158
6550016 5170
6552016 5167
6554016 5161
6556016 5201
6558016 5183
6560016 5174
6562016 5167
6564016 5340
6566016 5173
6568016 5171
6570016 5186
6572016 5197
6574016 5285
6576016 5211
6578016 5162
6580016 5191
6582016 5192
6584016 5186
6586016 5191
6588016 5179
6590016 5300
6592016 5205
6594016 5216
6596016 5228
6598016 5438
6600016 5200
6602016 5332
6604016 5213
6606016 5500
6608016 5207
6610016 5225
6612016 5206
6614016 5380
6616016 5254
6618016 5254
6620016 5242
6622016 5303
6624016 5221
6626016 5208
6628016 5206
6630016 5208
6632016 5222
6634016 5338
6636016 5238
6638016 5230
6640016 5252
6642016 5352
6644016 5244
6646016 5255
6648016 5338
6650016 5252
6652016 5211
6654016 5215
6656016 5231
6658016 5280
6660016 5244
6662016 5264
6664016 5382
6666016 5233
6668016 5230
6670016 5307
6672016 5231
6674016 5247
6676016 5263
6678016 5239
6680016 5287
6682016 5242
6684016 5365
6686016 5246
6688016 5448
6690016 5244
6692016 5239
6694016 5266
6696016 5270
6698016 5264
6700016 5443
6702016 5260
6704016 5254
6706016 5286
6708016 5280
6710016 5292
6712016 5277
6714016 5284
6716016 5527
6718016 5293
6720016 5283
6722016 5330
6724016 5333
6726016 5396
6728016 5431
6730016 5382
6732016 5337
6734016 5303
6736016 5304
6738016 5315
6740016 5336
6742016 5340
6744016 5324
6746016 5315
6748016 5309
6750016 5360
6752016 5324
6754016 5328
6756016 5369
6758016 5376
6760016 5793
6762016 5465
6764016 5454
6766016 5516
6768016 5351
6770016 5621
6772016 5361
6774016 5374
6776016 5364
6778016 5519
6780016 5392
6782016 5377
6784016 5405
6786016 5368
6788016 5417
6790016 5388
6792016 5375
6794016 5383
6796016 5384
6798016 5739
6800016 5410
6802016 5390
6804016 5394
6806016 5495
6808016 5619
6810016 5506
6812016 5423
6814016 5428
6816016 5460
6818016 5388
6820016 5410
6822016 5402
6824016 5383
6826016 5523
6828016 5536
6830016 5440
6832016 5530
6834016 5567
6836016 5458
6838016 5458
6840016 5387
6842016 5383
6844016 5587
6846016 5563
6848016 5378
6850016 5454
6852016 5419
6854016 5656
6856016 5453
6858016 5623
6860016 5407
6862016 5420
6864016 5472
6866016 5492
6868016 5428
6870016 5458
6872016 5379
6874016 5418
6876016 5436
6878016 5481
6880016 5435
6882016 5441
6884016 5619
6886016 5436
6888016 5758
6890016 5435
6892016 5443
6894016 5461
6896016 5463
6898016 5470
6900016 5455
6902016 5490
6904016 5446
6906016 5538
6908016 5552
6910016 5479
6912016 5519
6914016 5556
6916016 5504
6918016 5537
6920016 5509
6922016 5457
6924016 5479
6926016 5510
6928016 5490
6930016 5458
6932016 5495
6934016 5548
6936016 5562
6938016 5497
6940016 5488
6942016 5602
6944016 5509
6946016 5468
6948016 5755
6950016 5511
6952016 5541
6954016 5585
6956016 5521
6958016 5501
6960016 5552
6962016 5555
6964016 5556
6966016 5496
6968016 5531
6970016 5512
6972016 5657
6974016 5491
6976016 5532
6978016 5510
6980016 5562
6982016 5499
6984016 5505
6986016 5516
6988016 5554
6990016 5553
6992016 5531
6994016 5541
6996016 5518
6998016 5533
7000016 5587
7002016 5550
7004016 5835
7006016 5509
7008016 5559
7010016 5530
7012016 5489
7014016 5561
7016016 5544
7018016 5554
7020016 5586
7022016 5583
7024016 5646
7026016 5548
7028016 5564
7030016 5526
7032016 5609
7034016 5554
7036016 5557
7038016 5571
7040016 5531
7042016 5554
7044016 5583
7046016 5544
7048016 5556
7050016 5572
7052016 5567
7054016 5583
7056016 5586
7058016 5553
7060016 5669
7062016 5722
7064016 5698
7066016 5569
7068016 5637
7070016 5800
7072016 5562
7074016 5581
7076016 5558
7078016 5592
7080016 5589
7082016 5608
7084016 5734
7086016 5575
7088016 5593
7090016 5608
7092016 5727
7094016 5625
7096016 5608
7098016 5603
7100016 5595
7102016 5636
7104016 5607
7106016 5607
7108016 5623
7110016 5716
7112016 5715
7114016 5847
7116016 5627
7118016 5711
7120016 5652
7122016 5878
7124016 5608
7126016 5673
7128016 5627
7130016 5625
7132016 5647
7134016 5622
7136016 5710
7138016 5612
7140016 5841
7142016 5772
7144016 5784
7146016 5651
7148016 5732
7150016 5781
7152016 5635
7154016 5646
7156016 5602
7158016 5830
7160016 5661
7162016 5630
7164016 5650
7166016 5659
7168016 5803
7170016 5684
7172016 5646
7174016 5635
7176016 5933
7178016 5711
7180016 5788
7182016 5782
7184016 5671
7186016 5668
7188016 5659
7190016 5678
7192016 5822
7194016 6015
7196016 5816
7198016 5824
7200016 5677
7202016 5826
7204016 5924
7206016 5821
7208016 5708
7210016 5795
7212016 5803
7214016 5696
7216016 5680
7218016 5711
7220016 5710
7222016 6158
7224016 5712
7226016 5906
7228016 5695
7230016 5681
7232016 5676
7234016 5716
7236016 5685
7238016 5717
7240016 5975
7242016 5710
7244016 5688
7246016 5702
7248016 5713
7250016 5689
7252016 5710
7254016 7687
7256016 5713
7258016 5876
7260016 5699
7262016 5713
7264016 5728
7266016 5710
7268016 5742
7270016 5768
7272016 5725
7274016 5766
7276016 6041
7278016 5791
7280016 5735
7282016 5860
7284016 5754
7286016 5788
7288016 5740
7290016 5783
7292016 5808
7294016 5858
7296016 5901
7298016 5724
7300016 5741
7302016 5885
7304016 5764
7306016 5745
7308016 5901
7310016 5778
7312016 5766
7314016 5786
7316016 5797
7318016 5787
7320016 5778
7322016 5834
7324016 5865
7326016 5841
7328016 5915
7330016 5747
7332016 5788
7334016 5809
7336016 5774
7338016 5767
7340016 5993
7342016 5783
7344016 5868
7346016 6005
7348016 5932
7350016 5771
7352016 5924
7354016 5945
7356016 5789
7358016 5779
7360016 5787
7362016 5822
7364016 5885
7366016 5843
7368016 5810
7370016 5794
7372016 5841
7374016 5815
7376016 5841
7378016 5833
7380016 5835
7382016 5809
7384016 5839
7386016 5811
7388016 5820
7390016 5965
7392016 5816
7394016 5836
7396016 5849
7398016 6036
7400016 5845
7402016 6073
7404016 5805
7406016 5959
7408016 5827
7410016 5836
7412016 5852
7414016 5821
7416016 5868
7418016 5841
7420016 5824
7422016 5868
7424016 6001
7426016 5842
7428016 5871
7430016 5833
7432016 5848
7434016 6035
7436016 6089
7438016 6189
7440016 6046
7442016 5985
7444016 5861
7446016 5878
7448016 5897
7450016 8142
7452016 5872
7454016 5871
7456016 5894
7458016 5916
7460016 5892
7462016 5951
7464016 5907
7466016 6076
7468016 5901
7470016 5898
7472016 5892
7474016 5924
7476016 6250
7478016 5915
7480016 5912
7482016 5922
7484016 5937
7486016 5904
7488016 5934
7490016 5895
7492016 5929
7494016 6028
7496016 6065
7498016 5920
7500016 5962
7502016 6004
7504016 5986
7506016 5913
7508016 5930
7510016 5910
7512016 6010
7514016 6032
7516016 5947
7518016 5939
7520016 5931
7522016 5979
7524016 6269
7526016 6028
7528016 6073
7530016 6047
7532016 5909
7534016 5950
7536016 5967
7538016 5972
7540016 5955
7542016 5943
7544016 5984
7546016 6291
7548016 6172
7550016 6028
7552016 6134
7554016 6339
7556016 6169
7558016 6058
7560016 5951
7562016 5946
7564016 6119
7566016 6221
7568016 6116
7570016 5964
7572016 6145
7574016 6109
7576016 5932
7578016 6168
7580016 6140
7582016 6209
7584016 6117
7586016 6191
7588016 6094
7590016 5990
7592016 5959
7594016 6262
7596016 6603
7598016 6131
7600016 5962
7602016 5988
7604016 6162
7606016 7106
7608016 6030
7610016 6009
7612016 6039
7614016 6073
7616016 6050
7618016 6074
7620016 6426
7622016 6286
7624016 6144
7626016 6283
7628016 6173
7630016 6050
7632016 6749
7634016 6059
7636016 6171
7638016 6136
7640016 6032
7642016 6007
7644016 6145
7646016 6084
7648016 6179
7650016 6479
7652016 6232
7654016 7383
7656016 6558
7658016 6530
7660016 6074
7662016 6049
7664016 6055
7666016 6071
7668016 6026
7670016 6475
7672016 6409
7674016 9904
7676016 8910
7678016 7173
7680016 6364
7682016 6250
7684016 6061
7686016 6228
7688016 6205
7690016 6265
7692016 6262
7694016 6300
7696016 6632
7698016 6157
7700016 6133
7702016 6070
7704016 6060
7706016 6216
7708016 6109
7710016 6329
7712016 6290
7714016 6280
7716016 6470
7718016 6233
7720016 6268
7722016 6531
7724016 6332
7726016 6940
7728016 6288
7730016 6091
7732016 6089
7734016 6242
7736016 6135
7738016 6112
7740016 8432
7742016 6297
7744016 6268
7746016 6314
7748016 6303
7750016 6078
7752016 6092
7754016 6078
7756016 6062
7758016 6095
7760016 6356
7762016 6168
7764016 6172
7766016 6146
7768016 6225
7770016 6118
7772016 6287
7774016 6142
7776016 6159
7778016 6120
7780016 6350
7782016 6129
7784016 6462
7786016 6491
7788016 6354
7790016 6139
7792016 6167
7794016 6302
7796016 6174
7798016 6170
7800016 6397
7802016 6371
7804016 6733
7806016 6436
7808016 6308
7810016 6785
7812016 6350
7814016 6203
7816016 6481
7818016 6168
7820016 6230
7822016 6362
7824016 6193
7826016 6309
7828016 6204
7830016 6240
7832016 6179
7834016 6253
7836016 6220
7838016 6392
7840016 6553
7842016 6353
7844016 6206
7846016 6342
7848016 6367
7850016 6276
7852016 6205
7854016 6206
7856016 6477
7858016 6194
7860016 6236
7862016 6353
7864016 6340
7866016 6307
7868016 6236
7870016 6237
7872016 6438
7874016 6532
7876016 6400
7878016 6384
7880016 6239
7882016 6217
7884016 6236
7886016 6274
7888016 6248
7890016 6433
7892016 6260
7894016 6222
7896016 6353
7898016 6248
7900016 6298
7902016 6528
7904016 6264
7906016 6287
7908016 6579
7910016 6357
7912016 6388
7914016 6416
7916016 6457
7918016 6899
7920016 6417
7922016 6748
7924016 6464
7926016 6453
7928016 6425
7930016 6424
7932016 6607
7934016 6680
7936016 6491
7938016 6418
7940016 6375
7942016 6449
7944016 6279
7946016 6382
7948016 6282
7950016 6306
7952016 6420
7954016 6378
7956016 6306
7958016 6244
7960016 6501
7962016 6415
7964016 6299
7966016 6321
7968016 6553
7970016 7171
7972016 6596
7974016 6580
7976016 6323
7978016 6419
7980016 6690
7982016 6398
7984016 6325
7986016 6335
7988016 6294
7990016 6342
7992016 6816
7994016 6624
7996016 6466
7998016 6840
