16 0
2016 5
4016 11
6016 17
8016 23
10016 29
12016 34
14016 40
16016 46
18016 52
20016 58
22016 63
24016 69
26016 75
28016 81
30016 87
32016 92
34016 98
36016 27
38016 29
40016 31
42016 32
44016 34
46016 35
48016 37
50016 38
52016 40
54016 41
56016 43
58016 45
60016 46
62016 48
64016 49
66016 51
68016 52
70016 61
72016 55
74016 57
76016 58
78016 60
80016 62
82016 63
84016 82
86016 66
88016 65
90016 66
92016 68
94016 69
96016 71
98016 72
100016 74
102016 75
104016 77
106016 78
108016 80
110016 91
112016 324
114016 84
116016 86
118016 90
120016 89
122016 90
124016 92
126016 93
128016 95
130016 96
132016 98
134016 99
136016 103
138016 115
140016 103
142016 105
144016 106
146016 116
148016 113
150016 111
152016 115
154016 114
156016 115
158016 117
160016 118
162016 120
164016 121
166016 123
168016 133
170016 126
172016 127
174016 129
176016 130
178016 132
180016 133
182016 135
184016 136
186016 138
188016 139
190016 141
192016 142
194016 144
196016 145
198016 146
200016 148
202016 149
204016 151
206016 152
208016 154
210016 156
212016 157
214016 159
216016 160
218016 161
220016 163
222016 168
224016 166
226016 167
228016 169
230016 170
232016 172
234016 173
236016 175
238016 176
240016 178
242016 179
244016 181
246016 182
248016 184
250016 186
252016 187
254016 188
256016 190
258016 191
260016 193
262016 194
264016 195
266016 197
268016 198
270016 200
272016 202
274016 203
276016 208
278016 206
280016 207
282016 209
284016 210
286016 212
288016 213
290016 215
292016 216
294016 218
296016 224
298016 221
300016 222
302016 224
304016 229
306016 227
308016 229
310016 230
312016 231
314016 233
316016 234
318016 236
320016 237
322016 247
324016 243
326016 242
328016 243
330016 245
332016 246
334016 247
336016 253
338016 251
340016 253
342016 253
344016 255
346016 260
348016 258
350016 260
352016 261
354016 263
356016 264
358016 266
360016 267
362016 268
364016 274
366016 276
368016 273
370016 275
372016 276
374016 281
376016 279
378016 280
380016 285
382016 283
384016 285
386016 290
388016 288
390016 289
392016 292
394016 297
396016 294
398016 301
400016 297
402016 303
404016 303
406016 301
408016 303
410016 304
412016 319
414016 307
416016 309
418016 310
420016 315
422016 317
424016 318
426016 317
428016 321
430016 322
432016 322
434016 322
436016 324
438016 326
440016 328
442016 328
444016 329
446016 331
448016 334
450016 339
452016 339
454016 350
456016 339
458016 341
460016 345
462016 344
464016 344
466016 346
468016 348
470016 350
472016 351
474016 352
476016 355
478016 361
480016 361
482016 358
484016 360
486016 361
488016 364
490016 406
492016 368
494016 368
496016 370
498016 372
500016 372
502016 374
504016 375
506016 376
508016 378
510016 388
512016 380
514016 382
516016 390
518016 386
520016 387
522016 390
524016 415
526016 391
528016 393
530016 395
532016 396
534016 398
536016 399
538016 401
540016 421
542016 416
544016 426
546016 415
548016 423
550016 409
552016 413
554016 449
556016 480
558016 427
560016 424
562016 419
564016 420
566016 423
568016 424
570016 425
572016 427
574016 428
576016 431
578016 430
580016 432
582016 435
584016 436
586016 439
588016 438
590016 440
592016 443
594016 443
596016 446
598016 446
600016 448
602016 481
604016 450
606016 457
608016 460
610016 456
612016 458
614016 460
616016 462
618016 461
620016 465
622016 465
624016 472
626016 479
628016 467
630016 471
632016 473
634016 474
636016 478
638016 476
640016 481
642016 497
644016 485
646016 520
648016 483
650016 488
652016 487
654016 493
656016 490
658016 497
660016 498
662016 494
664016 497
666016 513
668016 499
670016 503
672016 503
674016 588
676016 509
678016 507
680016 509
682016 509
684016 527
686016 517
688016 518
690016 517
692016 520
694016 519
696016 523
698016 529
700016 526
702016 526
704016 527
706016 537
708016 535
710016 531
712016 533
714016 533
716016 542
718016 538
720016 546
722016 545
724016 544
726016 543
728016 543
730016 547
732016 551
734016 548
736016 561
738016 566
740016 555
742016 558
744016 572
746016 557
748016 563
750016 565
752016 565
754016 567
756016 566
758016 579
760016 569
762016 569
764016 601
766016 576
768016 575
770016 576
772016 581
774016 592
776016 715
778016 582
780016 587
782016 585
784016 592
786016 594
788016 675
790016 591
792016 603
794016 614
796016 599
798016 602
800016 672
802016 600
804016 605
806016 631
808016 607
810016 607
812016 609
814016 609
816016 618
818016 1503
820016 621
822016 622
824016 618
826016 618
828016 743
830016 633
832016 1151
834016 631
836016 657
838016 633
840016 656
842016 634
844016 640
846016 633
848016 650
850016 916
852016 947
854016 644
856016 654
858016 643
860016 643
862016 649
864016 650
866016 668
868016 652
870016 660
872016 655
874016 657
876016 654
878016 660
880016 661
882016 677
884016 669
886016 703
888016 673
890016 669
892016 718
894016 681
896016 681
898016 675
900016 733
902016 698
904016 686
906016 681
908016 725
910016 684
912016 685
914016 909
916016 688
918016 937
920016 692
922016 694
924016 694
926016 697
928016 732
930016 702
932016 727
934016 709
936016 771
938016 704
940016 703
942016 737
944016 713
946016 712
948016 927
950016 726
952016 716
954016 1276
956016 726
958016 1547
960016 879
962016 878
964016 768
966016 859
968016 738
970016 754
972016 762
974016 748
976016 865
978016 1455
980016 1054
982016 747
984016 806
986016 759
988016 750
990016 814
992016 786
994016 769
996016 786
998016 772
1000016 841
1002016 801
1004016 756
1006016 805
1008016 821
1010016 950
1012016 825
1014016 972
1016016 797
1018016 781
1020016 966
1022016 786
1024016 944
1026016 802
1028016 817
1030016 1316
1032016 783
1034016 796
1036016 795
1038016 796
1040016 804
1042016 832
1044016 812
1046016 791
1048016 813
1050016 815
1052016 790
1054016 789
1056016 796
1058016 793
1060016 796
1062016 804
1064016 801
1066016 804
1068016 832
1070016 826
1072016 805
1074016 943
1076016 820
1078016 826
1080016 819
1082016 836
1084016 831
1086016 836
1088016 826
1090016 829
1092016 834
1094016 842
1096016 843
1098016 1051
1100016 847
1102016 845
1104016 847
1106016 853
1108016 844
1110016 846
1112016 849
1114016 842
1116016 839
1118016 840
1120016 843
1122016 843
1124016 844
1126016 847
1128016 850
1130016 854
1132016 850
1134016 855
1136016 857
1138016 855
1140016 855
1142016 859
1144016 871
1146016 899
1148016 866
1150016 867
1152016 865
1154016 874
1156016 877
1158016 872
1160016 872
1162016 873
1164016 898
1166016 877
1168016 876
1170016 882
1172016 885
1174016 885
1176016 887
1178016 914
1180016 901
1182016 886
1184016 895
1186016 892
1188016 891
1190016 894
1192016 910
1194016 911
1196016 898
1198016 899
1200016 931
1202016 922
1204016 922
1206016 906
1208016 911
1210016 919
1212016 926
1214016 911
1216016 912
1218016 922
1220016 943
1222016 919
1224016 918
1226016 921
1228016 940
1230016 926
1232016 946
1234016 953
1236016 935
1238016 932
1240016 1139
1242016 943
1244016 949
1246016 938
1248016 938
1250016 959
1252016 971
1254016 946
1256016 944
1258016 957
1260016 947
1262016 970
1264016 959
1266016 965
1268016 955
1270016 969
1272016 960
1274016 961
1276016 976
1278016 962
1280016 966
1282016 977
1284016 969
1286016 974
1288016 1000
1290016 972
1292016 996
1294016 983
1296016 1187
1298016 998
1300016 993
1302016 1015
1304016 984
1306016 1188
1308016 986
1310016 996
1312016 990
1314016 988
1316016 1011
1318016 1162
1320016 992
1322016 1007
1324016 995
1326016 1018
1328016 1002
1330016 1026
1332016 1006
1334016 1047
1336016 1015
1338016 1011
1340016 1007
1342016 1011
1344016 1016
1346016 1015
1348016 1046
1350016 1020
1352016 1041
1354016 1069
1356016 1050
1358016 1033
1360016 1049
1362016 1036
1364016 1059
1366016 1073
1368016 1049
1370016 1037
1372016 1056
1374016 1034
1376016 1064
1378016 1040
1380016 1112
1382016 1041
1384016 1120
1386016 1189
1388016 1047
1390016 1064
1392016 1225
1394016 1081
1396016 1052
1398016 1237
1400016 1067
1402016 1073
1404016 1207
1406016 1087
1408016 1066
1410016 1084
1412016 1061
1414016 1078
1416016 1096
1418016 1069
1420016 1080
1422016 1092
1424016 1076
1426016 1095
1428016 1074
1430016 1076
1432016 1078
1434016 1082
1436016 1099
1438016 1160
1440016 1101
1442016 1111
1444016 1086
1446016 1098
1448016 1109
1450016 1096
1452016 1095
1454016 1164
1456016 1108
1458016 1097
1460016 1116
1462016 1103
1464016 1108
1466016 1103
1468016 1141
1470016 1105
1472016 1127
1474016 1574
1476016 1131
1478016 1187
1480016 1146
1482016 1174
1484016 1190
1486016 1121
1488016 1120
1490016 1133
1492016 1192
1494016 1170
1496016 1130
1498016 1194
1500016 1155
1502016 1161
1504016 1163
1506016 1215
1508016 1367
1510016 1180
1512016 1183
1514016 1286
1516016 1163
1518016 1223
1520016 1253
1522016 1170
1524016 1153
1526016 1155
1528016 1225
1530016 1193
1532016 1197
1534016 1205
1536016 1176
1538016 1181
1540016 1177
1542016 1200
1544016 1258
1546016 1210
1548016 1202
1550016 1287
1552016 1351
1554016 1217
1556016 1178
1558016 1240
1560016 1175
1562016 1196
1564016 1279
1566016 1245
1568016 1184
1570016 1186
1572016 1212
1574016 1378
1576016 1223
1578016 1286
1580016 1322
1582016 1230
1584016 1280
1586016 1262
1588016 1327
1590016 1267
1592016 1252
1594016 1258
1596016 1204
1598016 1212
1600016 1338
1602016 1275
1604016 1216
1606016 1208
1608016 1217
1610016 1213
1612016 1283
1614016 1249
1616016 1223
1618016 1256
1620016 1231
1622016 1224
1624016 1278
1626016 1360
1628016 1228
1630016 1243
1632016 1234
1634016 1249
1636016 1233
1638016 1315
1640016 1234
1642016 1236
1644016 1236
1646016 1267
1648016 1267
1650016 1251
1652016 1251
1654016 1261
1656016 1256
1658016 1269
1660016 1270
1662016 1281
1664016 1264
1666016 1253
1668016 4614
1670016 1264
1672016 1258
1674016 1316
1676016 4394
1678016 1286
1680016 1487
1682016 1389
1684016 1269
1686016 1417
1688016 1492
1690016 1361
1692016 1472
1694016 1316
1696016 1306
1698016 1309
1700016 1348
1702016 1284
1704016 1291
1706016 1287
1708016 1999
1710016 1317
1712016 1321
1714016 1298
1716016 1339
1718016 1305
1720016 1307
1722016 1401
1724016 1326
1726016 1316
1728016 1300
1730016 1311
1732016 1321
1734016 1383
1736016 1444
1738016 1307
1740016 1399
1742016 1464
1744016 1367
1746016 1319
1748016 1888
1750016 1347
1752016 1320
1754016 1404
1756016 1327
1758016 1349
1760016 1325
1762016 1325
1764016 1359
1766016 1336
1768016 1333
1770016 1342
1772016 1357
1774016 1346
1776016 1347
1778016 1376
1780016 1347
1782016 1386
1784016 1369
1786016 1350
1788016 1345
1790016 1493
1792016 1360
1794016 1364
1796016 1393
1798016 1380
1800016 1359
1802016 1400
1804016 1377
1806016 1415
1808016 1365
1810016 1379
1812016 1397
1814016 1367
1816016 1412
1818016 1392
1820016 1373
1822016 1406
1824016 1381
1826016 1375
1828016 1542
1830016 1398
1832016 1389
1834016 1386
1836016 1416
1838016 1393
1840016 1393
1842016 1426
1844016 1408
1846016 1399
1848016 1399
1850016 1410
1852016 1394
1854016 1400
1856016 1413
1858016 1513
1860016 1422
1862016 1419
1864016 2573
1866016 1463
1868016 1411
1870016 1415
1872016 1421
1874016 1554
1876016 1446
1878016 1440
1880016 1420
1882016 1445
1884016 1446
1886016 1448
1888016 1459
1890016 1455
1892016 1447
1894016 1427
1896016 1455
1898016 1446
1900016 1454
1902016 1458
1904016 1483
1906016 1450
1908016 1436
1910016 1524
1912016 1483
1914016 1503
1916016 1444
1918016 1516
1920016 1460
1922016 1507
1924016 1448
1926016 2523
1928016 1460
1930016 1511
1932016 1498
1934016 2130
1936016 1576
1938016 1560
1940016 1464
1942016 1492
1944016 1476
1946016 1526
1948016 1465
1950016 1641
1952016 1470
1954016 1525
1956016 1605
1958016 1585
1960016 1506
1962016 1503
1964016 1516
1966016 1550
1968016 1612
1970016 1488
1972016 1487
1974016 1505
1976016 1489
1978016 1495
1980016 1556
1982016 1586
1984016 1535
1986016 1510
1988016 1554
1990016 1506
1992016 1519
1994016 1515
1996016 1643
1998016 1506
2000016 1504
2002016 2033
2004016 1528
2006016 1582
2008016 1546
2010016 1515
2012016 1521
2014016 1579
2016016 4524
2018016 1586
2020016 1523
2022016 1541
2024016 1540
2026016 1569
2028016 1529
2030016 1539
2032016 1533
2034016 1585
2036016 1566
2038016 1555
2040016 1549
2042016 1548
2044016 1541
2046016 1691
2048016 1569
2050016 1562
2052016 1562
2054016 1555
2056016 1584
2058016 1559
2060016 1552
2062016 1585
2064016 1568
2066016 1675
2068016 1702
2070016 1605
2072016 1562
2074016 1565
2076016 1565
2078016 1670
2080016 1779
2082016 1604
2084016 1587
2086016 1580
2088016 1577
2090016 1608
2092016 1577
2094016 1580
2096016 1579
2098016 1599
2100016 1619
2102016 1601
2104016 1616
2106016 1620
2108016 1621
2110016 1642
2112016 1753
2114016 1635
2116016 1595
2118016 1595
2120016 1600
2122016 1605
2124016 1727
2126016 1605
2128016 1608
2130016 1624
2132016 1608
2134016 1610
2136016 1610
2138016 1612
2140016 1614
2142016 1617
2144016 1618
2146016 1619
2148016 1632
2150016 1623
2152016 1625
2154016 1628
2156016 1631
2158016 1632
2160016 1642
2162016 1650
2164016 1650
2166016 1663
2168016 1793
2170016 1672
2172016 1650
2174016 1662
2176016 1651
2178016 1677
2180016 1672
2182016 1651
2184016 1700
2186016 1654
2188016 1655
2190016 1794
2192016 1688
2194016 1700
2196016 1673
2198016 1658
2200016 1772
2202016 1666
2204016 1668
2206016 2956
2208016 2407
2210016 1892
2212016 1967
2214016 1705
2216016 1676
2218016 1723
2220016 1683
2222016 1765
2224016 1708
2226016 1758
2228016 1694
2230016 1708
2232016 1699
2234016 1722
2236016 1811
2238016 1685
2240016 1721
2242016 1718
2244016 1702
2246016 3100
2248016 1731
2250016 1734
2252016 1700
2254016 1701
2256016 1719
2258016 1748
2260016 1704
2262016 1703
2264016 1720
2266016 1758
2268016 1717
2270016 1715
2272016 1727
2274016 1749
2276016 1716
2278016 1719
2280016 1719
2282016 1730
2284016 1724
2286016 1729
2288016 1745
2290016 1759
2292016 1734
2294016 1727
2296016 1745
2298016 1886
2300016 1734
2302016 1750
2304016 1736
2306016 1737
2308016 1771
2310016 1881
2312016 1756
2314016 1769
2316016 1758
2318016 1749
2320016 1777
2322016 1763
2324016 1753
2326016 1781
2328016 1757
2330016 1756
2332016 1785
2334016 1777
2336016 1763
2338016 1789
2340016 1769
2342016 1789
2344016 1793
2346016 1790
2348016 1801
2350016 1772
2352016 1804
2354016 1811
2356016 1780
2358016 1802
2360016 1785
2362016 1822
2364016 1809
2366016 1788
2368016 1819
2370016 1790
2372016 1812
2374016 1790
2376016 1817
2378016 1790
2380016 1969
2382016 1808
2384016 1814
2386016 1836
2388016 1801
2390016 1860
2392016 1816
2394016 1837
2396016 1806
2398016 1844
2400016 1814
2402016 1826
2404016 1812
2406016 1837
2408016 1821
2410016 1847
2412016 1823
2414016 1839
2416016 1821
2418016 1860
2420016 1873
2422016 1848
2424016 1840
2426016 1841
2428016 1834
2430016 1851
2432016 1842
2434016 1840
2436016 2089
2438016 1839
2440016 1871
2442016 1844
2444016 1855
2446016 1850
2448016 1856
2450016 1870
2452016 1852
2454016 1898
2456016 1850
2458016 1901
2460016 1950
2462016 1881
2464016 1907
2466016 3554
2468016 1954
2470016 1879
2472016 1998
2474016 2009
2476016 1983
2478016 1873
2480016 1989
2482016 1892
2484016 1928
2486016 1905
2488016 1906
2490016 1933
2492016 1878
2494016 1891
2496016 1891
2498016 1890
2500016 1950
2502016 1911
2504016 1908
2506016 1890
2508016 1909
2510016 1925
2512016 1891
2514016 1964
2516016 1900
2518016 1930
2520016 1953
2522016 2065
2524016 1927
2526016 1930
2528016 1918
2530016 1911
2532016 1911
2534016 1921
2536016 1945
2538016 1916
2540016 1917
2542016 1952
2544016 1945
2546016 1924
2548016 1922
2550016 1942
2552016 1961
2554016 2073
2556016 1959
2558016 1941
2560016 1958
2562016 1964
2564016 1932
2566016 1941
2568016 1955
2570016 1952
2572016 1958
2574016 1957
2576016 1942
2578016 1955
2580016 1961
2582016 1969
2584016 1973
2586016 1950
2588016 1951
2590016 1952
2592016 1992
2594016 1987
2596016 2128
2598016 1959
2600016 1962
2602016 1962
2604016 2006
2606016 1991
2608016 1979
2610016 1997
2612016 1965
2614016 1973
2616016 1974
2618016 1982
2620016 1974
2622016 1989
2624016 2015
2626016 2004
2628016 2010
2630016 2005
2632016 2048
2634016 1985
2636016 1989
2638016 1996
2640016 2000
2642016 1995
2644016 2000
2646016 1999
2648016 1998
2650016 2018
2652016 2000
2654016 2007
2656016 2190
2658016 2012
2660016 2049
2662016 2007
2664016 2008
2666016 2006
2668016 2015
2670016 2036
2672016 2019
2674016 2017
2676016 2018
2678016 2021
2680016 2037
2682016 2024
2684016 2025
2686016 2023
2688016 2236
2690016 2049
2692016 2040
2694016 2063
2696016 2063
2698016 2218
2700016 2223
2702016 2040
2704016 2036
2706016 2044
2708016 2075
2710016 2044
2712016 2049
2714016 2059
2716016