16 0
2016 5
4016 11
6016 16
8016 21
10016 27
12016 32
14016 65
16016 43
18016 49
20016 54
22016 60
24016 65
26016 71
28016 76
30016 82
32016 75
34016 27
36016 29
38016 31
40016 32
42016 34
44016 36
46016 37
48016 39
50016 41
52016 42
54016 44
56016 45
58016 47
60016 49
62016 50
64016 52
66016 54
68016 55
70016 57
72016 53
74016 54
76016 56
78016 57
80016 59
82016 66
84016 65
86016 63
88016 65
90016 66
92016 68
94016 69
96016 71
98016 74
100016 74
102016 75
104016 77
106016 78
108016 80
110016 81
112016 83
114016 84
116016 86
118016 87
120016 89
122016 90
124016 92
126016 100
128016 95
130016 96
132016 98
134016 99
136016 100
138016 102
140016 103
142016 105
144016 106
146016 108
148016 109
150016 111
152016 112
154016 114
156016 115
158016 117
160016 118
162016 123
164016 121
166016 123
168016 124
170016 126
172016 133
174016 129
176016 130
178016 132
180016 133
182016 135
184016 136
186016 138
188016 139
190016 141
192016 142
194016 143
196016 145
198016 147
200016 148
202016 150
204016 151
206016 152
208016 154
210016 155
212016 157
214016 158
216016 160
218016 165
220016 163
222016 166
224016 166
226016 167
228016 169
230016 170
232016 175
234016 173
236016 175
238016 176
240016 178
242016 179
244016 181
246016 182
248016 184
250016 185
252016 187
254016 188
256016 190
258016 191
260016 194
262016 203
264016 196
266016 197
268016 198
270016 200
272016 229
274016 203
276016 205
278016 206
280016 208
282016 210
284016 211
286016 212
288016 213
290016 215
292016 220
294016 221
296016 219
298016 221
300016 222
302016 224
304016 229
306016 227
308016 228
310016 230
312016 231
314016 235
316016 235
318016 237
320016 238
322016 239
324016 241
326016 245
328016 244
330016 245
332016 246
334016 253
336016 249
338016 252
340016 253
342016 257
344016 393
346016 260
348016 258
350016 260
352016 265
354016 264
356016 264
358016 270
360016 281
362016 268
364016 274
366016 271
368016 285
370016 281
372016 276
374016 278
376016 282
378016 284
380016 300
382016 285
384016 285
386016 286
388016 289
390016 289
392016 299
394016 294
396016 294
398016 295
400016 298
402016 299
404016 300
406016 301
408016 314
410016 306
412016 322
414016 324
416016 311
418016 311
420016 312
422016 318
424016 316
426016 316
428016 318
430016 320
432016 327
434016 337
436016 339
438016 327
440016 328
442016 330
444016 342
446016 338
448016 334
450016 339
452016 353
454016 344
456016 340
458016 355
460016 342
462016 345
464016 352
466016 354
468016 348
470016 361
472016 361
474016 358
476016 355
478016 400
480016 362
482016 380
484016 361
486016 363
488016 384
490016 369
492016 381
494016 375
496016 379
498016 379
500016 373
502016 382
504016 380
506016 393
508016 380
510016 382
512016 388
514016 388
516016 384
518016 390
520016 399
522016 452
524016 428
526016 395
528016 394
530016 401
532016 397
534016 407
536016 401
538016 524
540016 417
542016 414
544016 411
546016 413
548016 411
550016 415
552016 419
554016 431
556016 417
558016 422
560016 420
562016 421
564016 427
566016 425
568016 425
570016 431
572016 434
574016 447
576016 431
578016 435
580016 435
582016 439
584016 571
586016 453
588016 449
590016 455
592016 454
594016 447
596016 456
598016 461
600016 458
602016 453
604016 455
606016 456
608016 456
610016 457
612016 477
614016 471
616016 466
618016 471
620016 468
622016 475
624016 495
626016 681
628016 473
630016 473
632016 479
634016 478
636016 477
638016 497
640016 488
642016 492
644016 489
646016 484
648016 496
650016 533
652016 491
654016 495
656016 494
658016 504
660016 513
662016 499
664016 500
666016 683
668016 502
670016 512
672016 507
674016 524
676016 508
678016 511
680016 513
682016 535
684016 515
686016 515
688016 525
690016 532
692016 525
694016 558
696016 693
698016 529
700016 527
702016 550
704016 587
706016 534
708016 555
710016 540
712016 541
714016 539
716016 775
718016 547
720016 548
722016 558
724016 548
726016 548
728016 976
730016 551
732016 551
734016 569
736016 550
738016 557
740016 625
742016 557
744016 560
746016 560
748016 560
750016 573
752016 574
754016 570
756016 575
758016 575
760016 575
762016 595
764016 577
766016 580
768016 583
770016 589
772016 581
774016 588
776016 589
778016 589
780016 588
782016 598
784016 608
786016 594
788016 599
790016 618
792016 618
794016 601
796016 608
798016 604
800016 604
802016 611
804016 614
806016 614
808016 611
810016 639
812016 628
814016 635
816016 618
818016 646
820016 621
822016 631
824016 627
826016 619
828016 649
830016 635
832016 631
834016 630
836016 639
838016 665
840016 668
842016 677
844016 665
846016 661
848016 698
850016 670
852016 665
854016 693
856016 964
858016 717
860016 714
862016 676
864016 684
866016 745
868016 653
870016 689
872016 705
874016 687
876016 910
878016 716
880016 699
882016 681
884016 743
886016 868
888016 704
890016 714
892016 704
894016 718
896016 734
898016 706
900016 1242
902016 712
904016 913
906016 780
908016 715
910016 734
912016 713
914016 1251
916016 704
918016 728
920016 723
922016 708
924016 744
926016 728
928016 728
930016 745
932016 710
934016 743
936016 760
938016 746
940016 785
942016 744
944016 753
946016 752
948016 749
950016 753
952016 762
954016 753
956016 749
958016 778
960016 766
962016 754
964016 780
966016 757
968016 874
970016 780
972016 778
974016 769
976016 773
978016 794
980016 770
982016 762
984016 778
986016 777
988016 757
990016 802
992016 804
994016 784
996016 784
998016 788
1000016 832
1002016 790
1004016 794
1006016 794
1008016 768
1010016 830
1012016 801
1014016 816
1016016 800
1018016 816
1020016 806
1022016 809
1024016 809
1026016 824
1028016 816
1030016 817
1032016 815
1034016 969
1036016 838
1038016 816
1040016 820
1042016 1067
1044016 799
1046016 831
1048016 812
1050016 925
1052016 889
1054016 831
1056016 837
1058016 876
1060016 839
1062016 824
1064016 858
1066016 951
1068016 860
1070016 852
1072016 861
1074016 1081
1076016 926
1078016 889
1080016 879
1082016 916
1084016 855
1086016 878
1088016 884
1090016 876
1092016 869
1094016 866
1096016 899
1098016 902
1100016 887
1102016 863
1104016 896
1106016 879
1108016 875
1110016 875
1112016 1073
1114016 891
1116016 904
1118016 925
1120016 883
1122016 895
1124016 858
1126016 915
1128016 891
1130016 890
1132016 892
1134016 1068
1136016 896
1138016 910
1140016 902
1142016 905
1144016 921
1146016 937
1148016 903
1150016 879
1152016 930
1154016 913
1156016 1157
1158016 969
1160016 916
1162016 906
1164016 909
1166016 911
1168016 919
1170016 1247
1172016 924
1174016 925
1176016 900
1178016 929
1180016 947
1182016 931
1184016 934
1186016 907
1188016 960
1190016 947
1192016 912
1194016 943
1196016 941
1198016 920
1200016 993
1202016 965
1204016 951
1206016 958
1208016 937
1210016 953
1212016 993
1214016 959
1216016 962
1218016 962
1220016 959
1222016 972
1224016 967
1226016 1013
1228016 972
1230016 993
1232016 1019
1234016 969
1236016 1026
1238016 975
1240016 976
1242016 965
1244016 987
1246016 989
1248016 981
1250016 994
1252016 990
1254016 1011
1256016 991
1258016 963
1260016 1033
1262016 1013
1264016 998
1266016 1000
1268016 1022
1270016 998
1272016 995
1274016 1017
1276016 1007
1278016 1006
1280016 1094
1282016 1010
1284016 1003
1286016 999
1288016 1017
1290016 1077
1292016 1046
1294016 1214
1296016 1038
1298016 1069
1300016 1037
1302016 1066
1304016 1024
1306016 1276
1308016 1001
1310016 1088
1312016 1102
1314016 1048
1316016 1026
1318016 1020
1320016 1033
1322016 1013
1324016 1042
1326016 1067
1328016 1060
1330016 1047
1332016 1057
1334016 1055
1336016 1110
1338016 1059
1340016 1070
1342016 1094
1344016 1068
1346016 1047
1348016 1048
1350016 1478
1352016 1060
1354016 1044
1356016 1064
1358016 1068
1360016 1077
1362016 1276
1364016 1097
1366016 1082
1368016 1315
1370016 1108
1372016 1131
1374016 1347
1376016 1133
1378016 1121
1380016 1172
1382016 1161
1384016 1118
1386016 1295
1388016 1121
1390016 1126
1392016 1269
1394016 1118
1396016 1151
1398016 1220
1400016 1139
1402016 1146
1404016 1127
1406016 1197
1408016 1177
1410016 1325
1412016 1142
1414016 1143
1416016 1285
1418016 1171
1420016 1146
1422016 1318
1424016 1141
1426016 1159
1428016 1280
1430016 1131
1432016 1133
1434016 1182
1436016 1168
1438016 1169
1440016 1165
1442016 1167
1444016 1178
1446016 1144
1448016 1185
1450016 1198
1452016 1188
1454016 1209
1456016 1403
1458016 1190
1460016 1182
1462016 1337
1464016 1187
1466016 1183
1468016 1286
1470016 1219
1472016 1163
1474016 1395
1476016 1204
1478016 1251
1480016 1204
1482016 1201
1484016 1427
1486016 1247
1488016 1214
1490016 1190
1492016 1208
1494016 1207
1496016 1217
1498016 1211
1500016 1214
1502016 1217
1504016 1185
1506016 1422
1508016 1210
1510016 1240
1512016 1227
1514016 1212
1516016 1225
1518016 1222
1520016 1326
1522016 1311
1524016 1275
1526016 1229
1528016 1287
1530016 1243
1532016 1240
1534016 1233
1536016 1252
1538016 1289
1540016 1250
1542016 1241
1544016 1234
1546016 1220
1548016 1231
1550016 1247
1552016 1224
1554016 1276
1556016 1280
1558016 1302
1560016 1272
1562016 1258
1564016 1235
1566016 1247
1568016 1236
1570016 1605
1572016 1266
1574016 1267
1576016 1430
1578016 1280
1580016 1287
1582016 1262
1584016 1700
1586016 1285
1588016 1270
1590016 1297
1592016 1282
1594016 1282
1596016 1468
1598016 1280
1600016 1290
1602016 1287
1604016 1294
1606016 1428
1608016 1292
1610016 1298
1612016 1293
1614016 1293
1616016 1267
1618016 1332
1620016 1505
1622016 1318
1624016 1280
1626016 1328
1628016 1310
1630016 1338
1632016 1319
1634016 1392
1636016 1298
1638016 1314
1640016 1332
1642016 1320
1644016 1297
1646016 1452
1648016 1362
1650016 1344
1652016 1339
1654016 1347
1656016 1326
1658016 1307
1660016 1338
1662016 1341
1664016 1385
1666016 1346
1668016 1511
1670016 1419
1672016 2308
1674016 1365
1676016 1373
1678016 1377
1680016 1313
1682016 1338
1684016 1577
1686016 1349
1688016 1378
1690016 1395
1692016 1369
1694016 1346
1696016 1351
1698016 1352
1700016 1364
1702016 1390
1704016 1617
1706016 1389
1708016 1377
1710016 1343
1712016 1380
1714016 1340
1716016 1346
1718016 1575
1720016 1404
1722016 1363
1724016 1598
1726016 1356
1728016 1377
1730016 1386
1732016 1401
1734016 1400
1736016 1405
1738016 1421
1740016 1400
1742016 1603
1744016 1429
1746016 1438
1748016 1399
1750016 1441
1752016 1415
1754016 1424
1756016 1478
1758016 1415
1760016 1427
1762016 1424
1764016 1413
1766016 1427
1768016 1412
1770016 1420
1772016 1438
1774016 1414
1776016 1390
1778016 1433
1780016 1411
1782016 1418
1784016 1464
1786016 1397
1788016 1454
1790016 1392
1792016 1453
1794016 1420
1796016 1430
1798016 1433
1800016 1408
1802016 1440
1804016 1460
1806016 1442
1808016 1436
1810016 1461
1812016 1583
1814016 1459
1816016 1477
1818016 1452
1820016 1448
1822016 2293
1824016 1450
1826016 1658
1828016 1451
1830016 1477
1832016 1463
1834016 1638
1836016 1462
1838016 1492
1840016 1500
1842016 1466
1844016 1506
1846016 1473
1848016 1470
1850016 1441
1852016 1511
1854016 1476
1856016 1616
1858016 1477
1860016 1512
1862016 1609
1864016 1493
1866016 1481
1868016 1499
1870016 1459
1872016 1480
1874016 1682
1876016 1486
1878016 1558
1880016 1539
1882016 1605
1884016 1495
1886016 1527
1888016 1493
1890016 1564
1892016 1507
1894016 1538
1896016 1514
1898016 1559
1900016 1673
1902016 1574
1904016 1935
1906016 1583
1908016 1594
1910016 1683
1912016 2266
1914016 1563
1916016 1528
1918016 1524
1920016 1562
1922016 1682
1924016 1524
1926016 1560
1928016 1564
1930016 1552
1932016 1599
1934016 1532
1936016 1545
1938016 1559
1940016 1579
1942016 1753
1944016 1645
1946016 1747
1948016 1575
1950016 1587
1952016 1587
1954016 1724
1956016 1587
1958016 1629
1960016 1583
1962016 1622
1964016 1568
1966016 1638
1968016 1600
1970016 2275
1972016 1582
1974016 1607
1976016 1551
1978016 1638
1980016 1619
1982016 1602
1984016 1761
1986016 1574
1988016 1605
1990016 1622
1992016 1620
1994016 1614
1996016 1585
1998016 1612
2000016 1563
2002016 1618
2004016 1618
2006016 1659
2008016 1767
2010016 1604
2012016 1642
2014016 1635
2016016 1620
2018016 1646
2020016 1592
2022016 1644
2024016 1603
2026016 1659
2028016 1625
2030016 1631
2032016 1619
2034016 1670
2036016 1641
2038016 1662
2040016 1613
2042016 1642
2044016 1675
2046016 1668
2048016 1853
2050016 1680
2052016 1838
2054016 1679
2056016 1687
2058016 1699
2060016 1654
2062016 1656
2064016 1681
2066016 1673
2068016 1686
2070016 1696
2072016 1645
2074016 1648
2076016 1641
2078016 1676
2080016 1666
2082016 1685
2084016 1706
2086016 1715
2088016 1843
2090016 1681
2092016 1852
2094016 1686
2096016 1730
2098016 1695
2100016 1698
2102016 1691
2104016 1735
2106016 1708
2108016 1823
2110016 1712
2112016 2436
2114016 1941
2116016 1684
2118016 1885
2120016 1734
2122016 1781
2124016 1702
2126016 1727
2128016 1746
2130016 1710
2132016 1718
2134016 1706
2136016 1740
2138016 1730
2140016 1766
2142016 1764
2144016 1986
2146016 1724
2148016 1700
2150016 1724
2152016 1700
2154016 1754
2156016 1744
2158016 1734
2160016 1737
2162016 1757
2164016 1760
2166016 1768
2168016 1713
2170016 1761
2172016 1729
2174016 1770
2176016 1706
2178016 1718
2180016 1774
2182016 2018
2184016 1725
2186016 1742
2188016 1731
2190016 1747
2192016 1753
2194016 1776
2196016 1771
2198016 1745
2200016 1787
2202016 1741
2204016 1757
2206016 1761
2208016 1782
2210016 1747
2212016 1927
2214016 1752
2216016 1724
2218016 1807
2220016 1810
2222016 1752
2224016 1836
2226016 1836
2228016 1811
2230016 1750
2232016 1844
2234016 1782
2236016 1771
2238016 1781
2240016 1764
2242016 1802
2244016 1813
2246016 1793
2248016 2093
2250016 1796
2252016 2017
2254016 1797
2256016 1988
2258016 1820
2260016 2768
2262016 1812
2264016 1810
2266016 2065
2268016 1808
2270016 1937
2272016 1831
2274016 1813
2276016 1823
2278016 1860
2280016 1827
2282016 1823
2284016 1889
2286016 1845
2288016 2045
2290016 1835
2292016 1840
2294016 1841
2296016 1834
2298016 1861
2300016 1877
2302016 1854
2304016 1885
2306016 2063
2308016 1848
2310016 1858
2312016 1876
2314016 2030
2316016 1902
2318016 1953
2320016 1901
2322016 1872
2324016 1878
2326016 1868
2328016 1869
2330016 2359
2332016 1866
2334016 1865
2336016 1881
2338016 1895
2340016 1865
2342016 2073
2344016 1889
2346016 2294
2348016 1868
2350016 1873
2352016 1896
2354016 1930
2356016 1882
2358016 1924
2360016 1883
2362016 3132
2364016 1902
2366016 1927
2368016 1914
2370016 1899
2372016 1911
2374016 1913
2376016 1925
2378016 2036
2380016 1922
2382016 2070
2384016 1916
2386016 1900
2388016 1917
2390016 1901
2392016 2192
2394016 1912
2396016 1918
2398016 1912
2400016 1944
2402016 1920
2404016 1932
2406016 2073
2408016 1937
2410016 1944
2412016 1970
2414016 1970
2416016 2224
2418016 1974
2420016 1961
2422016 1976
2424016 1953
2426016 1977
2428016 1967
2430016 1985
2432016 1968
2434016 1973
2436016 1990
2438016 1980
2440016 1967
2442016 1979
2444016 1957
2446016 1990
2448016 1979
2450016 2104
2452016 2013
2454016 1989
2456016 1985
2458016 2023
2460016 1987
2462016 2019
2464016 2168
2466016 1992
2468016 1992
2470016 2193
2472016 2011
2474016 2011
2476016 1995
2478016 1993
2480016 2191
2482016 2023
2484016 2028
2486016 2218
2488016 2019
2490016 1969
2492016 2025
2494016 2015
2496016 2253
2498016 2016
2500016 2015
2502016 2041
2504016 2048
2506016 2060
2508016 2028
2510016 2255
2512016 2027
2514016 2027
2516016 2059
2518016 2056
2520016 2067
2522016 2027
2524016 2072
2526016 2048
2528016 2054
2530016 2180
2532016 2043
2534016 2046
2536016 2071
2538016 2082
2540016 2072
2542016 2068
2544016 2070
2546016 2086
2548016 2049
2550016 2054
2552016 2245
2554016 2089
2556016 2082
2558016 2083
2560016 2066
2562016 2072
2564016 2335
2566016 2052
2568016 2229
2570016 2305
2572016 2107
2574016 2107
2576016 2079
2578016 2089
2580016 2077
2582016 3340
2584016 2114
2586016 2119
2588016 2301
2590016 2094
2592016 2093
2594016 2117
2596016 2122
2598016 2338
2600016 2129
2602016 2102
2604016 2106
2606016 2125
2608016 2119
2610016 2330
2612016 2110
2614016 2141
2616016 2143
2618016 2105
2620016 2367
2622016 2119
2624016 2118
2626016 2128
2628016 2147
2630016 2170
2632016 2448
2634016 2169
2636016 3337
2638016 2335
2640016 2135
2642016 2137
2644016 2424
2646016 2149
2648016 2205
2650016 2343
2652016 2147
2654016 2173
2656016 2166
2658016 2147
2660016 2099
2662016 2172
2664016 2146
2666016 2310
2668016 2151
2670016 2151
2672016 2154
2674016 2150
2676016 2387
2678016 2197
2680016 2166
2682016 2170
2684016 2616
2686016 2188
2688016 2146
2690016 2470
2692016 2177
2694016 2422
2696016 2433
2698016 2172
2700016 2200
2702016 2202
2704016 2180
2706016 2169
2708016 2196
2710016 2198
2712016 2326
2714016 2181
2716016 2189
2718016 2193
2720016 2187
2722016 2211
2724016 2245
2726016 2220
2728016 2218
2730016 2192
2732016 2205
2734016 2203
2736016 2222
2738016 2232
2740016 2214
2742016 2206
2744016 2268
2746016 2439
2748016 2232
2750016 2214
2752016 2226
2754016 2223
2756016 2227
2758016 2223
2760016 2231
2762016 2223
2764016 2244
2766016 2240
2768016 2225
2770016 2222
2772016 2263
2774016 2254
2776016 2241
2778016 2227
2780016 2243
2782016 2267
2784016 2456
2786016 2248
2788016 2255
2790016 2260
2792016 2259
2794016 2247
2796016 2242
2798016 2298
2800016 2265
2802016 2249
2804016 2304
2806016 2268
2808016 2253
2810016 2515
2812016 2287
2814016 2464
2816016 2530
2818016 2252
2820016 2263
2822016 2450
2824016 2298
2826016 2284
2828016 2297
2830016 2281
2832016 2316
2834016 2297
2836016 2296
2838016 2300
2840016 2278
2842016 2293
2844016 2299
2846016 2279
2848016 2587
2850016 2309
2852016 2294
2854016 2410
2856016 2285
2858016 2290
2860016 2289
2862016 2512
2864016 2317
2866016 2312
2868016 2320
2870016 2235
2872016 2302
2874016 2303
2876016 2347
2878016 2313
2880016 2562
2882016 2311
2884016 2310
2886016 2326
2888016 2303
2890016 2320
2892016 2345
2894016 2274
2896016 2366
2898016 2337
2900016 2319
2902016 2340
2904016 2318
2906016 2331
2908016 2352
2910016 2324
2912016 2334
2914016 2315
2916016 2377
2918016 2354
2920016 2359
2922016 4548
2924016 3376
2926016 2341
2928016 2353
2930016 2343
2932016 2373
2934016 2378
2936016 2389
2938016 2629
2940016 2354
2942016 2367
2944016 2388
2946016 2423
2948016 2381
2950016 2412
2952016 2633
2954016 2380
2956016 2403
2958016 2394
2960016 2456
2962016 2359
2964016 2397
2966016 2663
2968016 2339
2970016 2347
2972016 2394
2974016 2556
2976016 2395
2978016 2383
2980016 2617
2982016 2423
2984016 2380
2986016 2416
2988016 3892
2990016 2864
2992016 2429
2994016 2373
2996016 2413
2998016 2426
3000016 2440
3002016 2429
3004016 2449
3006016 2374
3008016 2457
3010016 2444
3012016 2432
3014016 2470
3016016 2434
3018016 2443
3020016 2445
3022016 2611
3024016 2598
3026016 2448
3028016 2468
3030016 2450
3032016 2643
3034016 2448
3036016 2468
3038016 2558
3040016 2622
3042016 2482
3044016 2455
3046016 2477
3048016 2665
3050016 2483
3052016 2462
3054016 2651
3056016 2506
3058016 2446
3060016 2415
3062016 2476
3064016 2749
3066016 2473
3068016 2468
3070016 2422
3072016 2424
3074016 2522
3076016 2423
3078016 2658
3080016 2505
3082016 2521
3084016 2478
3086016 2528
3088016 2489
3090016 2678
3092016 2479
3094016 2484
3096016 2458
3098016 2497
3100016 2490
3102016 2522
3104016 2445
3106016 2856
3108016 2536
3110016 2478
3112016 2497
3114016 2705
3116016 2501
3118016 2525
3120016 2525
3122016 2500
3124016 2570
3126016 2536
3128016 2496
3130016 2687
3132016 2506
3134016 2546
3136016 2479
3138016 2513
3140016 2896
3142016 2495
3144016 2547
3146016 2529
3148016 2513
3150016 2519
3152016 2492
3154016 2470
3156016 2506
3158016 2534
3160016 2517
3162016 2488
3164016 2479
3166016 2528
3168016 2539
3170016 2483
3172016 2663
3174016 2827
3176016 2589
3178016 2535
3180016 2532
3182016 2716
3184016 2530
3186016 2490
3188016 2540
3190016 2585
3192016 2569
3194016 2588
3196016 2591
3198016 2599
3200016 2595
3202016 2602
3204016 2852
3206016 2596
3208016 2595
3210016 2572
3212016 2526
3214016 2590
3216016 2615
3218016 2609
3220016 2613
3222016 2823
3224016 2581
3226016 2600
3228016 2587
3230016 2536
3232016 2627
3234016 2618
3236016 2653
3238016 2615
3240016 3025
3242016 2642
3244016 2619
3246016 2609
3248016 2644
3250016 2622
3252016 2649
3254016 2615
3256016 2608
3258016 2624
3260016 2595
3262016 2616
3264016 2614
3266016 2569
3268016 2581
3270016 2637
3272016 2666
3274016 2574
3276016 2631
3278016 2817
3280016 2601
3282016 2620
3284016 2656
3286016 2638
3288016 2622
3290016 3181
3292016 2643
3294016 2647
3296016 2618
3298016 2618
3300016 2802
3302016 2592
3304016 2622
3306016 2647
3308016 2676
3310016 2958
3312016 2652
3314016 2670
3316016 2672
3318016 2672
3320016 2699
3322016 2655
3324016 2682
3326016 2662
3328016 2697
3330016 2763
3332016 2686
3334016 2705
3336016 2702
3338016 2662
3340016 2651
3342016 2822
3344016 2629
3346016 2656
3348016 2719
3350016 2656
3352016 2834
3354016 2669
3356016 2699
3358016 2674
3360016 2734
3362016 2639
3364016 2815
3366016 2669
3368016 2687
3370016 2632
3372016 2768
3374016 2678
3376016 2658
3378016 2664
3380016 2738
3382016 3746
3384016 2731
3386016 2885
3388016 2764
3390016 2726
3392016 2729
3394016 2739
3396016 2742
3398016 2718
3400016 2917
3402016 2731
3404016 2750
3406016 2731
3408016 2901
3410016 2720
3412016 3149
3414016 2732
3416016 2735
3418016 2785
3420016 2686
3422016 2685
3424016 2833
3426016 2749
3428016 2787
3430016 2763
3432016 2749
3434016 2776
3436016 2933
3438016 2774
3440016 2754
3442016 2894
3444016 2927
3446016 2761
3448016 3178
3450016 2772
3452016 2755
3454016 2777
3456016 2754
3458016 2941
3460016 2785
3462016 2817
3464016 2799
3466016 2826
3468016 2843
3470016 2817
3472016 2908
3474016 3093
3476016 2818
3478016 2845
3480016 2809
3482016 2865
3484016 2832
3486016 3100
3488016 2827
3490016 2829
3492016 2775
3494016 2744
3496016 2920
3498016 2844
3500016 3003
3502016 3108
3504016 2860
3506016 2890
3508016 2867
3510016 2971
3512016 2814
3514016 2814
3516016 2837
3518016 2866
3520016 2906
3522016 3155
3524016 2868
3526016 2833
3528016 2881
3530016 3204
3532016 3122
3534016 2894
3536016 2897
3538016 3010
3540016 2861
3542016 2895
3544016 3011
3546016 2931
3548016 2925
3550016 3064
3552016 2860
3554016 2835
3556016 2891
3558016 2788
3560016 2881
3562016 4764
3564016 2811
3566016 4160
3568016 2877
3570016 2877
3572016 3187
3574016 2911
3576016 2888
3578016 3102
3580016 2939
3582016 2897
3584016 3038
3586016 2831
3588016 3130
3590016 3068
3592016 2882
3594016 2885
3596016 2926
3598016 2894
3600016 3085
3602016 2930
3604016 2918
3606016 3063
3608016 2937
3610016 2921
3612016 2958
3614016 2948
3616016 2934
3618016 3091
3620016 2904
3622016 3003
3624016 3205
3626016 2952
3628016 2938
3630016 2936
3632016 2888
3634016 2919
3636016 2948
3638016 2940
3640016 3392
3642016 2941
3644016 2965
3646016 2951
3648016 2954
3650016 2984
3652016 2928
3654016 2921
3656016 2942
3658016 3217
3660016 2979
3662016 3011
3664016 2983
3666016 2981
3668016 2979
3670016 2961
3672016 3139
3674016 2952
3676016 3467
3678016 3003
3680016 2939
3682016 2995
3684016 2993
3686016 3002
3688016 2972
3690016 3173
3692016 2998
3694016 3224
3696016 3444
3698016 3006
3700016 2978
3702016 3011
3704016 3012
3706016 3001
3708016 3144
3710016 3005
3712016 3001
3714016 3183
3716016 3218
3718016 3013
3720016 3578
3722016 2976
3724016 3055
3726016 2998
3728016 2942
3730016 2913
3732016 2916
3734016 2974
3736016 3025
3738016 3171
3740016 3020
3742016 3009
3744016 3007
3746016 3393
3748016 3165
3750016 3010
3752016 3103
3754016 3032
3756016 2981
3758016 3024
3760016 2963
3762016 3053
3764016 3024
3766016 3017
3768016 3343
3770016 3055
3772016 2968
3774016 3447
3776016 3428
3778016 3293
3780016 3007
3782016 3033
3784016 3072
3786016 3078
3788016 3024
3790016 3036
3792016 3033
3794016 3279
3796016 2972
3798016 3028
3800016 3219
3802016 3073
3804016 3019
3806016 3202
3808016 3438
3810016 3114
3812016 3004
3814016 3061
3816016 3056
3818016 3064
3820016 3076
3822016 3109
3824016 3045
3826016 3098
3828016 2991
3830016 3322
3832016 3032
3834016 3066
3836016 3442
3838016 3294
3840016 3030
3842016 3076
3844016 3087
3846016 3115
3848016 3111
3850016 3134
3852016 3107
3854016 3134
3856016 3098
3858016 3124
3860016 3082
3862016 4772
3864016 3386
3866016 3038
3868016 3134
3870016 3277
3872016 3311
3874016 3414
3876016 3219
3878016 3119
3880016 3103
3882016 3125
3884016 3104
3886016 3109
3888016 3061
3890016 3098
3892016 3158
3894016 3106
3896016 3108
3898016 3234
3900016 3069
3902016 3110
3904016 3053
3906016 3289
3908016 3118
3910016 3283
3912016 3297
3914016 3209
3916016 3075
3918016 3084
3920016 3092
3922016 3095
3924016 3173
3926016 3099
3928016 3262
3930016 3171
3932016 3180
3934016 3179
3936016 3158
3938016 3185
3940016 3172
3942016 3116
3944016 3155
3946016 3164
3948016 3167
3950016 3162
3952016 3112
3954016 3276
3956016 3121
3958016 3135
3960016 3121
3962016 3178
3964016 3288
3966016 3160
3968016 3345
3970016 3415
3972016 3676
3974016 3422
3976016 3199
3978016 3188
3980016 3188
3982016 3191
3984016 3224
3986016 3269
3988016 3241
3990016 3179
3992016 3260
3994016 3143
3996016 3384
3998016 3201
4000016 3288
4002016 3269
4004016 3219
4006016 3214
4008016 3172
4010016 3176
4012016 3237
4014016 3201
4016016 3246
4018016 3232
4020016 3200
4022016 3238
4024016 3191
4026016 3239
4028016 3184
4030016 3249
4032016 3194
4034016 3210
4036016 3314
4038016 3269
4040016 3270
4042016 3266
4044016 3207
4046016 3183
4048016 3226
4050016 3233
4052016 3209
4054016 3297
4056016 3208
4058016 3251
4060016 3303
4062016 3284
4064016 3299
4066016 3337
4068016 3209
4070016 3357
4072016 3424
4074016 3199
4076016 3413
4078016 3421
4080016 3533
4082016 3456
4084016 5120
4086016 3333
4088016 3211
4090016 3218
4092016 3313
4094016 3222
4096016 3323
4098016 3567
4100016 3451
4102016 3269
4104016 3297
4106016 3295
4108016 3231
4110016 3304
4112016 3248
4114016 3245
4116016 3646
4118016 5482
4120016 3409
4122016 3277
4124016 3274
4126016 3278
4128016 3247
4130016 3333
4132016 3342
4134016 3353
4136016 3335
4138016 3323
4140016 3356
4142016 3338
4144016 3346
4146016 3294
4148016 3322
4150016 3351
4152016 3360
4154016 3359
4156016 3320
4158016 3385
4160016 3405
4162016 3351
4164016 3403
4166016 3376
4168016 3366
4170016 3379
4172016 3381
4174016 3387
4176016 3363
4178016 3366
4180016 3304
4182016 3347
4184016 3394
4186016 3418
4188016 3363
4190016 3307
4192016 3417
4194016 3338
4196016 3469
4198016 3589
4200016 3589
4202016 3395
4204016 3417
4206016 3403
4208016 3419
4210016 3391
4212016 3386
4214016 3405
4216016 3410
4218016 3381
4220016 3632
4222016 3602
4224016 3425
4226016 3436
4228016 3419
4230016 3444
4232016 3429
4234016 3439
4236016 3434
4238016 3416
4240016 3427
4242016 3438
4244016 3444
4246016 3432
4248016 3443
4250016 3498
4252016 3417
4254016 3468
4256016 3442
4258016 3441
4260016 3466
4262016 3456
4264016 3805
4266016 3639
4268016 3684
4270016 3638
4272016 3644
4274016 3611
4276016 3450
4278016 3414
4280016 3416
4282016 3453
4284016 3469
4286016 3458
4288016 3458
4290016 3494
4292016 3394
4294016 3385
4296016 3441
4298016 3455
4300016 3483
4302016 3443
4304016 3412
4306016 3464
4308016 3385
4310016 3494
4312016 3436
4314016 3492
4316016 3412
4318016 3379
4320016 3399
4322016 3408
4324016 3434
4326016 3475
4328016 3500
4330016 3489
4332016 3615
4334016 3685
4336016 3701
4338016 3598
4340016 3622
4342016 3577
4344016 3557
4346016 3472
4348016 3530
4350016 3508
4352016 3504
4354016 3475
4356016 3499
4358016 3536
4360016 3541
4362016 3641
4364016 3726
4366016 3449
4368016 3490
4370016 3429
4372016 3456
4374016 3489
4376016 3442
4378016 3536
4380016 3455
4382016 3554
4384016 3538
4386016 3603
4388016 3480
4390016 3480
4392016 3465
4394016 3455
4396016 3513
4398016 3564
4400016 5670
4402016 3576
4404016 3562
4406016 3564
4408016 3622
4410016 3590
4412016 3577
4414016 3702
4416016 3585
4418016 3669
4420016 3579
4422016 3531
4424016 3571
4426016 3509
4428016 3483
4430016 3487
4432016 3574
4434016 3556
4436016 3861
4438016 3832
4440016 3812
4442016 3590
4444016 3547
4446016 3529
4448016 3568
4450016 3522
4452016 3584
4454016 3577
4456016 3581
4458016 3498
4460016 3591
4462016 3492
4464016 3512
4466016 3615
4468016 3601
4470016 3537
4472016 3565
4474016 3620
4476016 3541
4478016 3624
4480016 3535
4482016 3606
4484016 3548
4486016 3622
4488016 3604
4490016 3606
4492016 3625
4494016 3524
4496016 3528
4498016 3657
4500016 3568
4502016 3653
4504016 3580
4506016 3531
4508016 3792
4510016 3835
4512016 3673
4514016 3646
4516016 3701
4518016 3633
4520016 3639
4522016 3579
4524016 3681
4526016 3671
4528016 3655
4530016 3681
4532016 3677
4534016 3689
4536016 3706
4538016 3992
4540016 3978
4542016 3755
4544016 3574
4546016 3572
4548016 3580
4550016 3689
4552016 3591
4554016 3700
4556016 3604
4558016 3694
4560016 3632
4562016 3702
4564016 3584
4566016 3628
4568016 3615
4570016 3586
4572016 3708
4574016 3703
4576016 3601
4578016 3619
4580016 3618
4582016 3615
4584016 3608
4586016 3717
4588016 3901
4590016 3928
4592016 3859
4594016 3694
4596016 3615
4598016 3654
4600016 3638
4602016 3631
4604016 3625
4606016 3649
4608016 3656
4610016 3746
4612016 3628
4614016 3792
4616016 3648
4618016 3643
4620016 3687
4622016 3779
4624016 3756
4626016 3738
4628016 3671
4630016 3753
4632016 3733
4634016 3648
4636016 3713
4638016 3734
4640016 3778
4642016 3971
4644016 3757
4646016 3756
4648016 3691
4650016 3738
4652016 3731
4654016 3735
4656016 3758
4658016 3770
4660016 3740
4662016 3726
4664016 3766
4666016 3665
4668016 3785
4670016 3751
4672016 3784
4674016 3831
4676016 3675
4678016 3767
4680016 3698
4682016 3687
4684016 3784
4686016 3786
4688016 3757
4690016 3791
4692016 3803
4694016 3827
4696016 3815
4698016 3722
4700016 3731
4702016 3902
4704016 3694
4706016 3704
4708016 3697
4710016 3781
4712016 3791
4714016 4070
4716016 3903
4718016 3718
4720016 3750
4722016 3790
4724016 3723
4726016 3713
4728016 3839
4730016 3724
4732016 3738
4734016 3740
4736016 3824
4738016 3845
4740016 3845
4742016 3849
4744016 6674
4746016 4112
4748016 3775
4750016 3732
4752016 3759
4754016 4026
4756016 3826
4758016 3806
4760016 3807
4762016 3759
4764016 3870
4766016 3827
4768016 3825
4770016 3818
4772016 3833
4774016 3822
4776016 3836
4778016 3791
4780016 3841
4782016 3817
4784016 3768
4786016 3860
4788016 3815
4790016 3849
4792016 3847
4794016 3810
4796016 3878
4798016 3881
4800016 3848
4802016 3804
4804016 3827
4806016 3845
4808016 3833
4810016 3901
4812016 3817
4814016 3809
4816016 3886
4818016 3851
4820016 3811
4822016 3796
4824016 3919
4826016 3895
4828016 3912
4830016 3864
4832016 3908
4834016 3845
4836016 3893
4838016 3852
4840016 3890
4842016 3880
4844016 3891
4846016 3889
4848016 3851
4850016 3912
4852016 3981
4854016 3827
4856016 3907
4858016 3923
4860016 3922
4862016 3908
4864016 4024
4866016 3930
4868016 3840
4870016 3958
4872016 3936
4874016 4012
4876016 3886
4878016 3833
4880016 3849
4882016 4047
4884016 3862
4886016 3899
4888016 3953
4890016 3870
4892016 3991
4894016 3853
4896016 3854
4898016 3843
4900016 3851
4902016 4043
4904016 3853
4906016 3964
4908016 3931
4910016 3876
4912016 3992
4914016 3863
4916016 3841
4918016 4089
4920016 3881
4922016 3985
4924016 3969
4926016 3975
4928016 3906
4930016 3872
4932016 3921
4934016 3877
4936016 3903
4938016 3977
4940016 3976
4942016 3896
4944016 3883
4946016 3917
4948016 3882
4950016 3913
4952016 3926
4954016 3919
4956016 3960
4958016 3976
4960016 3947
4962016 3975
4964016 4100
4966016 3986
4968016 4033
4970016 4007
4972016 4085
4974016 3967
4976016 4003
4978016 3927
4980016 3930
4982016 3927
4984016 3909
4986016 3943
4988016 3949
4990016 3961
4992016 4052
4994016 4019
4996016 3947
4998016 4038
5000016 3979
5002016 4008
5004016 3931
5006016 3980
5008016 3963
5010016 4007
5012016 4068
5014016 4315
5016016 3977
5018016 3992
5020016 4017
5022016 4072
5024016 4026
5026016 3957
5028016 3945
5030016 4033
5032016 3961
5034016 4031
5036016 3990
5038016 3976
5040016 4065
5042016 4642
5044016 3977
5046016 3994
5048016 3968
5050016 4009
5052016 4098
5054016 7111
5056016 4074
5058016 4111
5060016 4031
5062016 3997
5064016 4063
5066016 4046
5068016 4005
5070016 3975
5072016 3979
5074016 4010
5076016 4091
5078016 4009
5080016 4092
5082016 4056
5084016 4338
5086016 4130
5088016 4132
5090016 4138
5092016 4132
5094016 4150
5096016 4172
5098016 4136
5100016 4134
5102016 4140
5104016 4130
5106016 4141
5108016 4148
5110016 4080
5112016 4087
5114016 4117
5116016 4145
5118016 4141
5120016 4158
5122016 4137
5124016 4054
5126016 4119
5128016 4054
5130016 4131
5132016 4239
5134016 4105
5136016 4136
5138016 4153
5140016 4214
5142016 4158
5144016 4159
5146016 4174
5148016 4080
5150016 4043
5152016 4183
5154016 4175
5156016 4180
5158016 4194
5160016 4209
5162016 4393
5164016 4191
5166016 4193
5168016 4204
5170016 4188
5172016 4204
5174016 4198
5176016 4167
5178016 4213
5180016 4162
5182016 4094
5184016 4205
5186016 4328
5188016 4213
5190016 4202
5192016 4101
5194016 4090
5196016 4223
5198016 4237
5200016 4150
5202016 4334
5204016 4206
5206016 4222
5208016 4116
5210016 4211
5212016 4131
5214016 4128
5216016 4179
5218016 4188
5220016 4232
5222016 4365
5224016 4188
5226016 4209
5228016 4351
5230016 4141
5232016 4145
5234016 4167
5236016 4239
5238016 4240
5240016 4140
5242016 4138
5244016 4202
5246016 4200
5248016 4131
5250016 4244
5252016 4194
5254016 4268
5256016 4172
5258016 4251
5260016 4213
5262016 4198
5264016 4551
5266016 4273
5268016 4214
5270016 4148
5272016 4176
5274016 4263
5276016 4262
5278016 4248
5280016 4186
5282016 4190
5284016 4269
5286016 4236
5288016 4543
5290016 4301
5292016 4236
5294016 4264
5296016 4230
5298016 4222
5300016 4295
5302016 4283
5304016 4302
5306016 4272
5308016 4278
5310016 4265
5312016 4565
5314016 4199
5316016 4199
5318016 4174
5320016 4231
5322016 4298
5324016 4263
5326016 4275
5328016 4281
5330016 4605
5332016 4203
5334016 4206
5336016 4296
5338016 4476
5340016 4289
5342016 4285
5344016 4280
5346016 4354
5348016 4400
5350016 4216
5352016 4354
5354016 4303
5356016 4306
5358016 4217
5360016 4225
5362016 4234
5364016 4250
5366016 4399
5368016 4323
5370016 4213
5372016 4265
5374016 4262
5376016 4256
5378016 4355
5380016 4225
5382016 4337
5384016 4527
5386016 4267
5388016 4266
5390016 4231
5392016 4241
5394016 4257
5396016 4258
5398016 4273
5400016 4257
5402016 4422
5404016 4277
5406016 4353
5408016 4269
5410016 4267
5412016 4266
5414016 4384
5416016 4338
5418016 4303
5420016 4479
5422016 4300
5424016 4271
5426016 4286
5428016 4401
5430016 4358
5432016 4555
5434016 4345
5436016 4293
5438016 4393
5440016 4298
5442016 4298
5444016 4423
5446016 4663
5448016 4489
5450016 4298
5452016 4396
5454016 4355
5456016 4368
5458016 4309
5460016 4387
5462016 4397
5464016 4447
5466016 4729
5468016 4375
5470016 4313
5472016 4341
5474016 4336
5476016 4325
5478016 4555
5480016 4344
5482016 4317
5484016 4424
5486016 4331
5488016 4327
5490016 4526
5492016 4466
5494016 4344
5496016 4319
5498016 4331
5500016 4440
5502016 4511
5504016 4447
5506016 4337
5508016 4370
5510016 4457
5512016 4363
5514016 4512
5516016 4333
5518016 4336
5520016 4477
5522016 4335
5524016 4460
5526016 4429
5528016 4448
5530016 4442
5532016 4450
5534016 4499
5536016 5187
5538016 4425
5540016 4379
5542016 4429
5544016 4420
5546016 4473
5548016 4718
5550016 4364
5552016 4373
5554016 4397
5556016 4386
5558016 4375
5560016 4523
5562016 4468
5564016 4563
5566016 4404
5568016 4393
5570016 4396
5572016 4419
5574016 4418
5576016 4412
5578016 4386
5580016 4570
5582016 4493
5584016 4483
5586016 4405
5588016 4481
5590016 4413
5592016 4410
5594016 4454
5596016 4425
5598016 4472
5600016 4442
5602016 4458
5604016 7414
5606016 4420
5608016 4417
5610016 4424
5612016 4461
5614016 4553
5616016 4720
5618016 4573
5620016 4581
5622016 4559
5624016 4573
5626016 4560
5628016 4554
5630016 4569
5632016 4549
5634016 4529
5636016 4579
5638016 4547
5640016 4542
5642016 4507
5644016 4441
5646016 4493
5648016 4434
5650016 4537
5652016 4572
5654016 4562
5656016 4602
5658016 4507
5660016 4512
5662016 4546
5664016 4470
5666016 4462
5668016 4452
5670016 4488
5672016 4481
5674016 4603
5676016 4496
5678016 4773
5680016 4546
5682016 4484
5684016 4608
5686016 4589
5688016 4886
5690016 4558
5692016 4566
5694016 4614
5696016 4619
5698016 4564
5700016 4558
5702016 4481
5704016 4495
5706016 4495
5708016 4517
5710016 4513
5712016 4517
5714016 4504
5716016 4489
5718016 4491
5720016 4529
5722016 4509
5724016 4493
5726016 4637
5728016 4501
5730016 4622
5732016 4594
5734016 4507
5736016 4507
5738016 4637
5740016 4663
5742016 4509
5744016 4532
5746016 4651
5748016 4577
5750016 4536
5752016 4527
5754016 4525
5756016 4625
5758016 4524
5760016 4594
5762016 4689
5764016 4656
5766016 5365
5768016 4631
5770016 4612
5772016 4580
5774016 4708
5776016 4671
5778016 4832
5780016 4665
5782016 4558
5784016 4545
5786016 4611
5788016 4580
5790016 4653
5792016 4561
5794016 4703
5796016 4665
5798016 4649
5800016 4677
5802016 4685
5804016 4672
5806016 4704
5808016 4669
5810016 4889
5812016 4729
5814016 4616
5816016 4580
5818016 4564
5820016 4578
5822016 4575
5824016 4610
5826016 4586
5828016 4719
5830016 4595
5832016 4721
5834016 4677
5836016 4589
5838016 4583
5840016 4594
5842016 4614
5844016 4697
5846016 4739
5848016 4798
5850016 4664
5852016 4731
5854016 4681
5856016 4668
5858016 4620
5860016 4686
5862016 4621
5864016 4611
5866016 4611
5868016 4636
5870016 4618
5872016 4622
5874016 4626
5876016 4649
5878016 4614
5880016 4616
5882016 4611
5884016 4620
5886016 4692
5888016 4637
5890016 4678
5892016 4777
5894016 4688
5896016 4622
5898016 4743
5900016 4762
5902016 4694
5904016 4780
5906016 4766
5908016 4761
5910016 4713
5912016 4626
5914016 4760
5916016 4658
5918016 4709
5920016 7149
5922016 4780
5924016 4656
5926016 4680
5928016 4803
5930016 4856
5932016 4779
5934016 4678
5936016 4786
5938016 4798
5940016 4807
5942016 4745
5944016 4814
5946016 4836
5948016 4843
5950016 4810
5952016 7698
5954016 6431
5956016 4773
5958016 4703
5960016 4771
5962016 4709
5964016 4806
5966016 4708
5968016 4758
5970016 4771
5972016 4757
5974016 4832
5976016 4770
5978016 4789
5980016 4804
5982016 4845
5984016 4841
5986016 4836
5988016 4765
5990016 4840
5992016 4788
5994016 4810
5996016 4797
5998016 4794
6000016 4819
6002016 4830
6004016 4894
6006016 4780
6008016 4829
6010016 4794
6012016 5025
6014016 4867
6016016 4801
6018016 4805
6020016 4858
6022016 4859
6024016 4862
6026016 4836
6028016 4838
6030016 4838
6032016 4814
6034016 5052
6036016 4835
6038016 4816
6040016 4790
6042016 4761
6044016 5052
6046016 4872
6048016 4902
6050016 4766
6052016 4758
6054016 4768
6056016 4761
6058016 4903
6060016 4901
6062016 4750
6064016 4789
6066016 4765
6068016 4749
6070016 4767
6072016 4842
6074016 4878
6076016 4939
6078016 4897
6080016 5036
6082016 4884
6084016 4947
6086016 5131
6088016 4948
6090016 4943
6092016 4968
6094016 4946
6096016 4987
6098016 4880
6100016 4888
6102016 4949
6104016 5140
6106016 4963
6108016 4893
6110016 4895
6112016 4906
6114016 4837
6116016 4832
6118016 4848
6120016 4978
6122016 4921
6124016 4962
6126016 4870
6128016 4909
6130016 4832
6132016 4842
6134016 4836
6136016 4858
6138016 4831
6140016 4874
6142016 4820
6144016 4978
6146016 4922
6148016 4857
6150016 4854
6152016 4997
6154016 4992
6156016 4997
6158016 4980
6160016 5003
6162016 4979
6164016 5000
6166016 4929
6168016 5004
6170016 5002
6172016 4950
6174016 4986
6176016 4960
6178016 4946
6180016 4929
6182016 4924
6184016 4964
6186016 5050
6188016 5024
6190016 5056
6192016 5012
6194016 5016
6196016 5014
6198016 5039
6200016 5071
6202016 5029
6204016 5034
6206016 5034
6208016 5061
6210016 5028
6212016 5038
6214016 5031
6216016 5061
6218016 5039
6220016 5041
6222016 5023
6224016 5055
6226016 5018
6228016 5039
6230016 5040
6232016 5116
6234016 5065
6236016 5070
6238016 5065
6240016 5049
6242016 5028
6244016 4925
6246016 4895
6248016 4942
6250016 4914
6252016 5065
6254016 5079
6256016 5071
6258016 5078
6260016 5078
6262016 5066
6264016 5082
6266016 5300
6268016 5080
6270016 5032
6272016 5066
6274016 5091
6276016 5034
6278016 4998
6280016 5037
6282016 5082
6284016 4997
6286016 5082
6288016 5057
6290016 5081
6292016 5011
6294016 4993
6296016 4962
6298016 5056
6300016 5101
6302016 4947
6304016 4976
6306016 4975
6308016 5092
6310016 4978
6312016 5038
6314016 5116
6316016 5116
6318016 5116
6320016 5113
6322016 5117
6324016 5110
6326016 5101
6328016 5124
6330016 5069
6332016 5127
6334016 5127
6336016 5068
6338016 5080
6340016 5098
6342016 5374
6344016 5108
6346016 5094
6348016 5108
6350016 4993
6352016 5005
6354016 5009
6356016 5002
6358016 5033
6360016 5161
6362016 7910
6364016 5105
6366016 5055
6368016 5080
6370016 5093
6372016 5128
6374016 5087
6376016 5163
6378016 5095
6380016 5116
6382016 5190
6384016 5175
6386016 5109
6388016 5115
6390016 5110
6392016 5108
6394016 5172
6396016 5169
6398016 5186
6400016 5188
6402016 5177
6404016 5194
6406016 5195
6408016 5184
6410016 5178
6412016 5214
6414016 5161
6416016 5151
6418016 5193
6420016 5198
6422016 5233
6424016 5199
6426016 5046
6428016 5051
6430016 5070
6432016 5055
6434016 5144
6436016 5164
6438016 5169
6440016 5185
6442016 5430
6444016 5217
6446016 5193
6448016 5199
6450016 5211
6452016 5148
6454016 5164
6456016 5174
6458016 5150
6460016 5082
6462016 5058
6464016 5180
6466016 5083
6468016 5066
6470016 5200
6472016 5098
6474016 5101
6476016 5176
6478016 5257
6480016 5267
6482016 5228
6484016 5254
6486016 5251
6488016 5270
6490016 5313
6492016 5164
6494016 5218
6496016 5224
6498016 5107
6500016 5112
6502016 5175
6504016 5088
6506016 5130
6508016 5236
6510016 5279
6512016 5249
6514016 5277
6516016 5212
6518016 5157
6520016 5135
6522016 5237
6524016 5169
6526016 5232
6528016 5144
6530016 5152
6532016 5218
6534016 5177
6536016 5239
6538016 5208
6540016 5150
6542016 5250
6544016 5266
6546016 5248
6548016 5181
6550016 5332
6552016 5175
6554016 5173
6556016 5185
6558016 5316
6560016 5173
6562016 5367
6564016 5317
6566016 5195
6568016 5187
6570016 5194
6572016 5180
6574016 5200
6576016 5174
6578016 5344
6580016 5182
6582016 5169
6584016 5200
6586016 5208
6588016 5184
6590016 5217
6592016 5306
6594016 5338
6596016 5186
6598016 5203
6600016 5292
6602016 5359
6604016 5351
6606016 5349
6608016 5394
6610016 5354
6612016 5338
6614016 5370
6616016 5267
6618016 5328
6620016 5202
6622016 5241
6624016 5218
6626016 5275
6628016 7150
6630016 5348
6632016 5455
6634016 5253
6636016 5230
6638016 5242
6640016 5225
6642016 5239
6644016 5227
6646016 5290
6648016 5315
6650016 5234
6652016 5263
6654016 5324
6656016 5361
6658016 5322
6660016 5318
6662016 5309
6664016 5315
6666016 5374
6668016 5370
6670016 5386
6672016 5351
6674016 5397
6676016 5429
6678016 5389
6680016 5396
6682016 5351
6684016 5413
6686016 5403
6688016 5369
6690016 5389
6692016 5406
6694016 5447
6696016 5422
6698016 5452
6700016 5442
6702016 5447
6704016 5417
6706016 5450
6708016 5434
6710016 5457
6712016 5424
6714016 5332
6716016 5285
6718016 5299
6720016 5316
6722016 5423
6724016 5308
6726016 5366
6728016 5372
6730016 5415
6732016 5284
6734016 5398
6736016 5390
6738016 5425
6740016 5439
6742016 5430
6744016 5423
6746016 5361
6748016 5311
6750016 5307
6752016 5349
6754016 5335
6756016 5464
6758016 5467
6760016 5338
6762016 5343
6764016 5350
6766016 5364
6768016 5378
6770016 5327
6772016 5474
6774016 5450
6776016 5451
6778016 5479
6780016 5354
6782016 5372
6784016 5363
6786016 5441
6788016 5503
6790016 5446
6792016 5450
6794016 5483
6796016 5433
6798016 5389
6800016 5367
6802016 5339
6804016 5369
6806016 5498
6808016 5464
6810016 5507
6812016 5444
6814016 5373
6816016 5406
6818016 5451
6820016 5439
6822016 5478
6824016 5368
6826016 5367
6828016 5347
6830016 5562
6832016 5409
6834016 5404
6836016 5387
6838016 5452
6840016 5516
6842016 5528
6844016 5431
6846016 5413
6848016 5681
6850016 5445
6852016 5429
6854016 5397
6856016 5431
6858016 5420
6860016 5391
6862016 5396
6864016 5470
6866016 5508
6868016 5585
6870016 5558
6872016 5406
6874016 5585
6876016 5431
6878016 5571
6880016 5479
6882016 5445
6884016 5437
6886016 5540
6888016 5445
6890016 5441
6892016 5493
6894016 5418
6896016 5546
6898016 5618
6900016 5429
6902016 5579
6904016 5548
6906016 5567
6908016 5510
6910016 5535
6912016 5568
6914016 5531
6916016 5584
6918016 5455
6920016 5586
6922016 5592
6924016 5471
6926016 5533
6928016 5614
6930016 5458
6932016 5468
6934016 5641
6936016 5593
6938016 5482
6940016 5637
6942016 5462
6944016 5486
6946016 5515
6948016 5600
6950016 5544
6952016 5586
6954016 5467
6956016 5622
6958016 5538
6960016 5501
6962016 5531
6964016 5488
6966016 5505
6968016 5484
6970016 5457
6972016 5655
6974016 5474
6976016 5595
6978016 5545
6980016 5640
6982016 5505
6984016 5578
6986016 5527
6988016 5504
6990016 5522
6992016 5517
6994016 5578
6996016 5500
6998016 5541
7000016 5571
7002016 5505
7004016 5494
7006016 5506
7008016 5491
7010016 5549
7012016 5560
7014016 5522
7016016 5519
7018016 5523
7020016 5589
7022016 5522
7024016 5527
7026016 5543
7028016 5607
7030016 5535
7032016 5626
7034016 5677
7036016 5652
7038016 5542
7040016 5662
7042016 5572
7044016 5662
7046016 5549
7048016 5534
7050016 5684
7052016 5547
7054016 5702
7056016 5546
7058016 5593
7060016 5657
7062016 5605
7064016 5580
7066016 5564
7068016 5558
7070016 5614
7072016 5974
7074016 5718
7076016 5557
7078016 5598
7080016 5575
7082016 5558
7084016 5574
7086016 5613
7088016 5588
7090016 5726
7092016 5702
7094016 5724
7096016 5575
7098016 5588
7100016 5728
7102016 5748
7104016 5738
7106016 5786
7108016 5719
7110016 5728
7112016 5634
7114016 5727
7116016 5641
7118016 5617
7120016 5602
7122016 5661
7124016 5699
7126016 5668
7128016 5679
7130016 5631
7132016 5639
7134016 5640
7136016 5634
7138016 5622
7140016 5795
7142016 5720
7144016 5781
7146016 5764
7148016 5780
7150016 5714
7152016 5782
7154016 5649
7156016 5711
7158016 5641
7160016 5748
7162016 5672
7164016 5764
7166016 6559
7168016 5803
7170016 5674
7172016 5698
7174016 5829
7176016 5725
7178016 5828
7180016 5799
7182016 5855
7184016 5730
7186016 5683
7188016 5749
7190016 5685
7192016 5892
7194016 5831
7196016 5796
7198016 5760
7200016 5843
7202016 5697
7204016 5684
7206016 5690
7208016 5862
7210016 5725
7212016 5865
7214016 5764
7216016 5687
7218016 5771
7220016 5804
7222016 5842
7224016 5728
7226016 5731
7228016 5840
7230016 5879
7232016 7257
7234016 5717
7236016 5717
7238016 5724
7240016 5782
7242016 5703
7244016 5753
7246016 5699
7248016 5830
7250016 5738
7252016 5739
7254016 5713
7256016 5769
7258016 5786
7260016 5777
7262016 5748
7264016 5729
7266016 5712
7268016 5827
7270016 5748
7272016 5734
7274016 5756
7276016 5794
7278016 5830
7280016 5820
7282016 5755
7284016 5858
7286016 5732
7288016 5763
7290016 5827
7292016 5852
7294016 5845
7296016 5833
7298016 5871
7300016 5880
7302016 5857
7304016 5910
7306016 5841
7308016 5864
7310016 5879
7312016 5931
7314016 5859
7316016 5863
7318016 5859
7320016 5934
7322016 5815
7324016 5744
7326016 5812
7328016 5906
7330016 5851
7332016 5879
7334016 5899
7336016 5886
7338016 5770
7340016 5949
7342016 5824
7344016 5905
7346016 5879
7348016 5908
7350016 5913
7352016 5961
7354016 5851
7356016 5947
7358016 5885
7360016 5785
7362016 5805
7364016 5791
7366016 5810
7368016 5791
7370016 5811
7372016 5794
7374016 5797
7376016 5810
7378016 5830
7380016 5829
7382016 5974
7384016 5979
7386016 5931
7388016 5876
7390016 5935
7392016 5937
7394016 5945
7396016 5906
7398016 5856
7400016 5826
7402016 5818
7404016 5864
7406016 5993
7408016 5979
7410016 5975
7412016 5954
7414016 5921
7416016 5924
7418016 5980
7420016 5904
7422016 5919
7424016 5952
7426016 5873
7428016 5956
7430016 5975
7432016 5931
7434016 5923
7436016 5995
7438016 5895
7440016 5914
7442016 5899
7444016 5953
7446016 5959
7448016 5876
7450016 5996
7452016 5864
7454016 5998
7456016 7169
7458016 5882
7460016 5872
7462016 5915
7464016 5934
7466016 5912
7468016 5868
7470016 6101
7472016 5998
7474016 5903
7476016 6012
7478016 6048
7480016 5874
7482016 6016
7484016 5984
7486016 5902
7488016 5978
7490016 5890
7492016 5993
7494016 5994
7496016 6061
7498016 6058
7500016 6025
7502016 6035
7504016 6013
7506016 5933
7508016 5979
7510016 5903
7512016 6061
7514016 6050
7516016 6087
7518016 5947
7520016 5938
7522016 5926
7524016 5922
7526016 5921
7528016 6069
7530016 6046
7532016 6090
7534016 6004
7536016 5937
7538016 5956
7540016 5992
7542016 5976
7544016 6027
7546016 6039
7548016 6123
7550016 5972
7552016 6213
7554016 6079
7556016 6043
7558016 6045
7560016 5948
7562016 6120
7564016 7396
7566016 6121
7568016 6054
7570016 5961
7572016 9485
7574016 6163
7576016 5977
7578016 6053
7580016 6153
7582016 6141
7584016 6088
7586016 5982
7588016 6122
7590016 5989
7592016 5989
7594016 6082
7596016 6067
7598016 6155
7600016 6116
7602016 6092
7604016 6125
7606016 6070
7608016 6080
7610016 6068
7612016 6097
7614016 6002
7616016 6243
7618016 6094
7620016 5991
7622016 6177
7624016 6058
7626016 6198
7628016 6192
7630016 6185
7632016 6174
7634016 6093
7636016 6190
7638016 6406
7640016 6198
7642016 6068
7644016 6177
7646016 6112
7648016 6035
7650016 6018
7652016 6049
7654016 6029
7656016 7978
7658016 6133
7660016 6196
7662016 6142
7664016 6266
7666016 6161
7668016 6213
7670016 6183
7672016 6156
7674016 6188
7676016 6244
7678016 6122
7680016 6071
7682016 6196
7684016 6080
7686016 6150
7688016 6167
7690016 6212
7692016 6208
7694016 6185
7696016 6109
7698016 6245
7700016 6160
7702016 6152
7704016 6246
7706016 6190
7708016 6071
7710016 6099
7712016 6075
7714016 6134
7716016 6251
7718016 6126
7720016 6192
7722016 6175
7724016 6141
7726016 6093
7728016 6218
7730016 6095
7732016 6269
7734016 6286
7736016 6182
7738016 6263
7740016 6096
7742016 6101
7744016 6212
7746016 6275
7748016 6188
7750016 6302
7752016 6112
7754016 6119
7756016 6126
7758016 7071
7760016 6295
7762016 6100
7764016 6105
7766016 6122
7768016 6123
7770016 6111
7772016 7569
7774016 6315
7776016 6442
7778016 6262
7780016 6282
7782016 6332
7784016 7642
7786016 6317
7788016 6434
7790016 6160
7792016 6201
7794016 6142
7796016 6306
7798016 7434
7800016 6533
7802016 7053
7804016 7217
7806016 6201
7808016 6270
7810016 6355
7812016 6316
7814016 6172
7816016 6304
7818016 6234
7820016 6221
7822016 6257
7824016 6513
7826016 6161
7828016 6165
7830016 6400
7832016 7189
7834016 6171
7836016 6194
7838016 6196
7840016 6179
7842016 6314
7844016 6304
7846016 6347
7848016 6619
7850016 7981
7852016 6306
7854016 8978
7856016 6412
7858016 6699
7860016 6503
7862016 6429
7864016 6174
7866016 6214
7868016 6167
7870016 6303
7872016 6185
7874016 6288
7876016 6232
7878016 6363
7880016 6219
7882016 6256
7884016 6342
7886016 6390
7888016 6417
7890016 6200
7892016 6206
7894016 6234
7896016 6292
7898016 6514
7900016 6198
7902016 6566
7904016 6507
7906016 6299
7908016 6587
7910016 6403
7912016 6393
7914016 6530
7916016 6473
7918016 6501
7920016 6452
7922016 6377
7924016 6300
7926016 6410
7928016 6500
7930016 6345
7932016 6369
7934016 6285
7936016 6419
7938016 6436
7940016 6487
7942016 6514
7944016 6457
7946016 6292
7948016 6415
7950016 6410
7952016 6385
7954016 6389
7956016 6385
7958016 6476
7960016 6483
7962016 6355
7964016 6452
7966016 6316
7968016 6595
7970016 6597
7972016 6725
7974016 6549
7976016 6303
7978016 6434
7980016 6388
7982016 6285
7984016 6457
7986016 6389
7988016 6483
7990016 6465
7992016 6376
7994016 6281
7996016 6442
7998016 6525