16 1
10016 9
20016 16
30016 23
40016 31
50016 40
60016 46
70016 53
80016 61
90016 68
100016 75
110016 82
120016 90
130016 97
140016 109
150016 112
160016 123
170016 131
180016 139
190016 146
200016 154
210016 161
220016 164
230016 176
240016 187
250016 191
260016 194
270016 201
280016 213
290016 220
300016 228
310016 235
320016 243
330016 250
340016 265
350016 269
360016 268
370016 280
380016 287
390016 298
400016 307
410016 309
420016 317
430016 325
440016 328
450016 340
460016 347
470016 355
480016 362
490016 385
500016 373
510016 385
520016 393
530016 400
540016 407
550016 416
560016 422
570016 425
580016 439
590016 452
600016 454
610016 468
620016 469
630016 475
640016 504
650016 492
660016 500
670016 506
680016 513
690016 519
700016 531
710016 545
720016 544
730016 575
740016 560
750016 568
760016 587
770016 586
780016 592
790016 601
800016 611
810016 636
820016 619
830016 641
840016 648
850016 661
860016 652
870016 692
880016 671
890016 677
900016 686
910016 696
920016 708
930016 709
940016 721
950016 732
960016 755
970016 751
980016 754
990016 760
1000016 809
1010016 943
1020016 790
1030016 798
1040016 806
1050016 898
1060016 826
1070016 827
1080016 835
1090016 1031
1100016 860
1110016 873
1120016 866
1130016 1019
1140016 888
1150016 894
1160016 905
1170016 906
1180016 915
1190016 925
1200016 961
1210016 947
1220016 947
1230016 958
1240016 978
1250016 964
1260016 980
1270016 991
1280016 1015
1290016 1012
1300016 1151
1310016 1022
1320016 1027
1330016 1077
1340016 1044
1350016 1090
1360016 1061
1370016 1095
1380016 1077
1390016 1120
1400016 1280
1410016 1140
1420016 1104
1430016 1130
1440016 1146
1450016 1133
1460016 1138
1470016 1179
1480016 1169
1490016 1181
1500016 1224
1510016 1185
1520016 1221
1530016 1215
1540016 1416
1550016 1260
1560016 1258
1570016 1230
1580016 1252
1590016 1257
1600016 1244
1610016 1259
1620016 1280
1630016 1296
1640016 1304
1650016 1307
1660016 1309
1670016 1505
1680016 1520
1690016 1334
1700016 1358
1710016 1369
1720016 1519
1730016 1365
1740016 1372
1750016 1391
1760016 1437
1770016 1457
1780016 1415
1790016 1666
1800016 1414
1810016 1433
1820016 1478
1830016 1452
1840016 1457
1850016 1507
1860016 1634
1870016 1508
1880016 1501
1890016 1501
1900016 1500
1910016 1507
1920016 1519
1930016 1536
1940016 1523
1950016 1567
1960016 1534
1970016 1608
1980016 1545
1990016 1734
2000000 886
2010000 1116
2020000 834
2030000 1214
2040000 903
2050000 991
2060000 1314
2070000 1004
2080000 895
2090000 913
2100000 1241
2110000 1021
2120000 1285
2130000 1146
2140000 803
2150000 731
2160000 936
2170000 1111
2180000 1219
2190000 962
2200000 998
2210000 874
2220000 1445
2230000 941
2240000 1262
2250000 968
2260000 1280
2270000 1333
2280000 974
2290000 1358
2300000 1068
2310000 1263
2320000 1039
2330000 1345
2340000 900
2350000 1055
2360000 1005
2370000 959
2380000 1013
2390000 1354
2400000 1451
2410000 1336
2420000 1244
2430000 1101
2440000 1295
2450000 795
2460000 1256
2470000 1427
2480000 1183
2490000 1131
2500000 851
2510000 1019
2520000 1097
2530000 1503
2540000 1204
2550000 1606
2560000 1473
2570000 1474
2580000 1342
2590000 1447
2600000 1360
2610000 1115
2620000 1232
2630000 1149
2640000 1079
2650000 1650
2660000 1208
2670000 1465
2680000 1267
2690000 1093
2700000 1501
2710000 1056
2720000 1392
2730000 1393
2740000 1297
2750000 1240
2760000 1374
2770000 1169
2780000 1158
2790000 1134
2800000 1734
2810000 1120
2820000 1335
2830000 1495
2840000 1637
2850000 1494
2860000 1279
2870000 1291
2880000 1524
2890000 1494
2900000 1316
2910000 1327
2920000 1335
2930000 1194
2940000 1610
2950000 1314
2960000 1353
2970000 1309
2980000 1745
2990000 985
3000000 1216
3010000 1428
3020000 1206
3030000 1368
3040000 1448
3050000 1372
3060000 1269
3070000 1611
3080000 1314
3090000 1285
3100000 1661
3110000 1413
3120000 1461
3130000 1662
3140000 1520
3150000 1293
3160000 1348
3170000 1255
3180000 1500
3190000 1499
3200000 1449
3210000 1507
3220000 1762
3230000 1526
3240000 1475
3250000 1548
3260000 1684
3270000 1393
3280000 1425
3290000 1544
3300000 1575
3310000 1590
3320000 1384
3330000 1433
3340000 1262
3350000 1406
3360000 1210
3370000 1532
3380000 1354
3390000 1569
3400000 1148
3410000 1468
3420000 1479
3430000 1449
3440000 1538
3450000 1424
3460000 1554
3470000 1841
3480000 1640
3490000 1391
3500000 1684
3510000 1746
3520000 1582
3530000 1619
3540000 1529
3550000 1365
3560000 1824
3570000 1790
3580000 1619
3590000 1467
3600000 1406
3610000 1477
3620000 1571
3630000 1605
3640000 1531
3650000 1253
3660000 1642
3670000 1562
3680000 1364
3690000 1732
3700000 1534
3710000 1512
3720000 1212
3730000 1820
3740000 1573
3750000 1233
3760000 1414
3770000 1705
3780000 1574
3790000 1651
3800000 1713
3810000 1655
3820000 1562
3830000 1438
3840000 1795
3850000 1781
3860000 2130
3870000 1776
3880000 1523
3890000 1333
3900000 1766
3910000 1407
3920000 1786
3930000 2021
3940000 1551
3950000 1880
3960000 1599
3970000 1891
3980000 1488
3990000 1668
4000000 1668
4010000 1634
4020000 1930
4030000 1868
4040000 1978
4050000 1743
4060000 1966
4070000 2107
4080000 1443
4090000 2064
4100000 1916
4110000 1655
4120000 1618
4130000 1508
4140000 1686
4150000 1763
4160000 1767
4170000 1578
4180000 2066
4190000 1433
4200000 1643
4210000 1744
4220000 1708
4230000 1742
4240000 1759
4250000 2019
4260000 1669
4270000 1875
4280000 1831
4290000 2007
4300000 1849
4310000 1931
4320000 1432
4330000 1667
4340000 2051
4350000 2047
4360000 1915
4370000 1860
4380000 1887
4390000 2057
4400000 2121
4410000 2050
4420000 1727
4430000 1925
4440000 1928
4450000 1825
4460000 2148
4470000 1771
4480000 1967
4490000 1987
4500000 1929
4510000 1900
4520000 1738
4530000 2142
4540000 2075
4550000 2239
4560000 1891
4570000 1936
4580000 1880
4590000 1898
4600000 1832
4610000 1841
4620000 1979
4630000 1715
4640000 1846
4650000 1925
4660000 1732
4670000 2129
4680000 1796
4690000 2208
4700000 1991
4710000 2067
4720000 1700
4730000 2253
4740000 2139
4750000 2162
4760000 2039
4770000 2142
4780000 1658
4790000 2137
4800000 1660
4810000 1781
4820000 1840
4830000 1711
4840000 1844
4850000 1761
4860000 1709
4870000 1767
4880000 2022
4890000 2164
4900000 2379
4910000 1701
4920000 2038
4930000 2224
4940000 1959
4950000 2021
4960000 2131
4970000 1959
4980000 1928
4990000 2158
5000000 2221
5010000 1898
5020000 2048
5030000 1673
5040000 1996
5050000 1813
5060000 2013
5070000 1743
5080000 1778
5090000 1751
5100000 2307
5110000 1882
5120000 1908
5130000 1608
5140000 2049
5150000 2028
5160000 1803
5170000 2104
5180000 2101
5190000 2001
5200000 2077
5210000 2323
5220000 2151
5230000 1820
5240000 2051
5250000 2113
5260000 2134
5270000 1782
5280000 1496
5290000 2079
5300000 2555
5310000 1984
5320000 2253
5330000 2315
5340000 2235
5350000 2295
5360000 2017
5370000 2143
5380000 2040
5390000 2292
5400000 2342
5410000 2078
5420000 1917
5430000 2405
5440000 1551
5450000 1731
5460000 2162
5470000 2331
5480000 2242
5490000 2330
5500000 2193
5510000 2051
5520000 1967
5530000 1990
5540000 1961
5550000 2121
5560000 2391
5570000 1920
5580000 2361
5590000 2349
5600000 1612
5610000 2647
5620000 1873
5630000 1807
5640000 1855
5650000 2120
5660000 2461
5670000 2528
5680000 2252
5690000 2186
5700000 2005
5710000 2428
5720000 2617
5730000 2356
5740000 2484
5750000 1934
5760000 2387
5770000 2191
5780000 1873
5790000 2107
5800000 1633
5810000 2242
5820000 2622
5830000 2094
5840000 2395
5850000 2581
5860000 2059
5870000 1951
5880000 2141
5890000 2049
5900000 2279
5910000 2358
5920000 1991
5930000 2493
5940000 2320
5950000 2447
5960000 2343
5970000 2339
5980000 2171
5990000 2396
6000000 1731
6000000 4440
6010000 4627
6020000 4490
6030000 4514
6040000 4463
6050000 4626
6060000 4491
6070000 4388
6080000 4114
6090000 4353
6100000 4421
6110000 4660
6120000 4590
6130000 4369
6140000 4347
6150000 4264
6160000 4398
6170000 4222
6180000 4521
6190000 4624
6200000 4529
6210000 4446
6220000 4587
6230000 3833
6240000 4488
6250000 4223
6260000 5042
6270000 4807
6280000 4604
6290000 4599
6300000 4344
6310000 4366
6320000 4571
6330000 4537
6340000 4021
6350000 4382
6360000 4389
6370000 4584
6380000 4372
6390000 4480
6400000 4626
6410000 4349
6420000 4327
6430000 4826
6440000 4093
6450000 4727
6460000 4620
6470000 4526
6480000 4819
6490000 4591
6500000 4299
6510000 4460
6520000 4925
6530000 4824
6540000 4275
6550000 4864
6560000 4438
6570000 4144
6580000 4394
6590000 4674
6600000 5115
6610000 4738
6620000 5175
6630000 5134
6640000 4712
6650000 4811
6660000 4754
6670000 4946
6680000 4256
6690000 4790
6700000 5026
6710000 5211
6720000 4760
6730000 4258
6740000 4750
6750000 4464
6760000 4641
6770000 5107
6780000 5006
6790000 4994
6800000 5317
6810000 5151
6820000 4405
6830000 4767
6840000 4456
6850000 4506
6860000 5433
6870000 4940
6880000 4706
6890000 4858
6900000 4665
6910000 4526
6920000 4261
6930000 4764
6940000 4827
6950000 4736
6960000 4834
6970000 5206
6980000 5175
6990000 5125
7000000 5170
7010000 4995
7020000 5075
7030000 4644
7040000 4903
7050000 5052
7060000 5189
7070000 5047
7080000 5556
7090000 5044
7100000 5070
7110000 4755
7120000 4799
7130000 5245
7140000 5043
7150000 5064
7160000 4514
7170000 5246
7180000 5442
7190000 4564
7200000 5168
7210000 5492
7220000 4900
7230000 4991
7240000 5100
7250000 4668
7260000 4816
7270000 5327
7280000 5207
7290000 4947
7300000 4682
7310000 5342
7320000 5138
7330000 4393
7340000 5376
7350000 5414
7360000 5010
7370000 5209
7380000 5221
7390000 5217
7400000 4700
7410000 4557
7420000 5579
7430000 5122
7440000 5308
7450000 5347
7460000 5055
7470000 5725
7480000 5640
7490000 5149
7500000 4958
7510000 5688
7520000 5756
7530000 4992
7540000 5098
7550000 4940
7560000 5183
7570000 4980
7580000 5196
7590000 5405
7600000 5190
7610000 5182
7620000 5725
7630000 5652
7640000 5133
7650000 4872
7660000 5541
7670000 5067
7680000 5198
7690000 5328
7700000 5500
7710000 5632
7720000 5010
7730000 5103
7740000 5062
7750000 5245
7760000 5304
7770000 5236
7780000 5328
7790000 5244
7800000 5275
7810000 5320
7820000 5386
7830000 5225
7840000 5372
7850000 5582
7860000 5486
7870000 5552
7880000 4872
7890000 5085
7900000 5548
7910000 5696
7920000 5545
7930000 5177
7940000 5584
7950000 5451
7960000 5590
7970000 5282
7980000 5570
7990000 5409
8000000 5461
