16 268
2016 105
4016 79
6016 85
8016 68
10016 38
12016 44
14016 94
16016 93
18016 94
20016 63
22016 145
24016 127
26016 98
28016 82
30016 99
32016 122
34016 192
36016 82
38016 121
40016 181
42016 126
44016 107
46016 176
48016 134
50016 171
52016 179
54016 201
56016 145
58016 111
60016 192
62016 218
64016 206
66016 588
68016 196
70016 221
72016 232
74016 234
76016 274
78016 292
80016 294
82016 302
84016 307
86016 309
88016 506
90016 301
92016 343
94016 209
96016 327
98016 296
100016 509
102016 387
104016 404
106016 388
108016 374
110016 332
112016 341
114016 651
116016 383
118016 403
120016 333
122016 385
124016 376
126016 408
128016 421
130016 490
132016 413
134016 534
136016 687
138016 501
140016 503
142016 456
144016 504
146016 669
148016 749
150016 445
152016 537
154016 736
156016 463
158016 540
160016 721
162016 485
164016 521
166016 555
168016 527
170016 521
172016 472
174016 493
176016 570
178016 556
180016 571
182016 570
184016 576
186016 595
188016 508
190016 517
192016 574
194016 682
196016 618
198016 645
200016 647
202016 611
204016 898
206016 613
208016 565
210016 627
212016 392
214016 626
216016 739
218016 696
220016 671
222016 675
224016 769
226016 422
228016 807
230016 413
232016 819
234016 871
236016 716
238016 761
240016 649
242016 812
244016 756
246016 463
248016 708
250016 463
252016 782
254016 760
256016 693
258016 759
260016 532
262016 792
264016 536
266016 485
268016 1432
270016 801
272016 809
274016 836
276016 509
278016 923
280016 838
282016 837
284016 1149
286016 827
288016 822
290016 962
292016 887
294016 545
296016 902
298016 918
300016 937
302016 990
304016 1170
306016 896
308016 931
310016 941
312016 940
314016 567
316016 619
318016 846
320016 575
322016 905
324016 883
326016 964
328016 970
330016 923
332016 1017
334016 1010
336016 1030
338016 1062
340016 1042
342016 867
344016 1017
346016 995
348016 1017
350016 1030
352016 1080
354016 1038
356016 608
358016 1074
360016 1072
362016 1120
364016 638
366016 1067
368016 977
370016 1062
372016 1354
374016 1224
376016 1184
378016 1120
380016 1108
382016 1201
384016 927
386016 885
388016 1162
390016 1168
392016 1190
394016 773
396016 1193
398016 926
400016 1253
402016 1248
404016 1221
406016 1214
408016 700
410016 1179
412016 1247
414016 1207
416016 679
418016 1240
420016 1236
422016 1208
424016 712
426016 1037
428016 1297
430016 1267
432016 1186
434016 1727
436016 1347
438016 1270
440016 1288
442016 1295
444016 1268
446016 1260
448016 1314
450016 1387
452016 1243
454016 1379
456016 1364
458016 1385
460016 1275
462016 1400
464016 1361
466016 1346
468016 1057
470016 1386
472016 1292
474016 839
476016 1418
478016 1300
480016 1487
482016 1488
484016 1419
486016 1473
488016 1452
490016 1459
492016 1484
494016 1415
496016 1466
498016 1594
500016 1487
502016 1582
504016 1381
506016 1520
508016 1525
510016 1168
512016 1497
514016 1517
516016 1491
518016 1644
520016 857
522016 1154
524016 1054
526016 1208
528016 1381
530016 1286
532016 1217
534016 1523
536016 1187
538016 1240
540016 1265
542016 1299
544016 1352
546016 1308
548016 1382
550016 1284
552016 1229
554016 1309
556016 1297
558016 1215
560016 917
562016 1293
564016 1370
566016 1385
568016 1005
570016 1162
572016 1216
574016 1321
576016 1340
578016 1256
580016 1131
582016 1402
584016 1446
586016 1351
588016 1522
590016 1421
592016 1419
594016 1366
596016 1336
598016 1064
600016 1475
602016 1409
604016 1451
606016 1307
608016 1422
610016 1179
612016 1430
614016 1390
616016 1470
618016 1427
620016 1460
622016 1448
624016 1443
626016 1477
628016 1589
630016 1645
632016 1470
634016 1776
636016 1028
638016 1359
640016 1475
642016 1581
644016 1248
646016 1312
648016 1799
650016 1375
652016 1291
654016 1041
656016 1305
658016 1252
660016 1393
662016 1331
664016 1712
666016 1036
668016 1588
670016 1521
672016 1488
674016 1678
676016 1737
678016 1545
680016 1431
682016 1587
684016 1498
686016 1532
688016 1478
690016 1487
692016 1363
694016 1590
696016 1720
698016 1757
700016 1616
702016 1556
704016 1402
706016 1568
708016 1615
710016 1784
712016 1542
714016 1757
716016 1978
718016 1768
720016 1799
722016 1670
724016 1666
726016 1682
728016 1464
730016 1463
732016 1832
734016 1720
736016 1680
738016 1679
740016 1716
742016 1728
744016 1724
746016 1681
748016 1717
750016 1714
752016 1751
754016 1228
756016 1771
758016 1762
760016 1794
762016 1847
764016 1890
766016 1524
768016 1764
770016 1793
772016 1780
774016 1780
776016 2072
778016 1884
780016 1242
782016 2156
784016 1812
786016 1790
788016 1868
790016 1869
792016 1271
794016 1807
796016 1812
798016 1862
800016 1361
802016 1921
804016 1615
806016 1636
808016 1289
810016 1741
812016 1646
814016 2074
816016 2091
818016 1561
820016 1868
822016 1818
824016 1861
826016 1350
828016 1625
830016 1906
832016 2070
834016 2049
836016 1911
838016 1627
840016 1957
842016 1906
844016 1949
846016 1930
848016 1498
850016 2154
852016 2346
854016 1933
856016 2007
858016 2081
860016 1675
862016 1948
864016 2235
866016 2063
868016 1951
870016 1912
872016 2291
874016 2040
876016 2004
878016 1963
880016 1898
882016 2419
884016 2245
886016 1987
888016 2033
890016 2029
892016 1412
894016 1914
896016 2025
898016 2086
900016 2087
902016 2156
904016 2030
906016 2064
908016 2159
910016 2025
912016 2019
914016 1872
916016 2104
918016 2016
920016 2113
922016 2120
924016 2329
926016 2156
928016 2186
930016 2175
932016 1500
934016 2038
936016 1527
938016 2377
940016 2231
942016 2196
944016 2703
946016 2203
948016 2247
950016 1596
952016 2195
954016 2203
956016 2196
958016 2698
960016 2220
962016 2143
964016 2254
966016 2171
968016 2309
970016 2354
972016 2248
974016 2329
976016 2332
978016 2316
980016 2420
982016 2352
984016 2238
986016 2242
988016 2451
990016 2260
992016 2675
994016 2079
996016 2308
998016 2264
1000016 2306
1002016 2273
1004016 2467
1006016 2304
1008016 2250
1010016 1593
1012016 2425
1014016 2302
1016016 2293
1018016 2357
1020016 2287
1022016 2808
1024016 2345
1026016 2397
1028016 2350
1030016 2370
1032016 2344
1034016 2608
1036016 2458
1038016 2368
1040016 2423
1042016 2430
1044016 2425
1046016 2533
1048016 3003
1050016 2546
1052016 2435
1054016 2508
1056016 2835
1058016 2475
1060016 2431
1062016 2473
1064016 2788
1066016 2786
1068016 2443
1070016 2356
1072016 2509
1074016 2382
1076016 1616
1078016 2032
1080016 2284
1082016 2228
1084016 1804
1086016 2435
1088016 2467
1090016 1796
1092016 2458
1094016 2599
1096016 2556
1098016 1845
1100016 2519
1102016 2536
1104016 2682
1106016 2535
1108016 1857
1110016 2035
1112016 2592
1114016 2850
1116016 2833
1118016 1852
1120016 2379
1122016 2558
1124016 2526
1126016 2679
1128016 1865
1130016 2571
1132016 2554
1134016 2614
1136016 2736
1138016 2568
1140016 2119
1142016 2531
1144016 2744
1146016 2636
1148016 2719
1150016 1892
1152016 2903
1154016 2245
1156016 1918
1158016 2666
1160016 2873
1162016 2877
1164016 1940
1166016 3073
1168016 2894
1170016 1943
1172016 2843
1174016 2803
1176016 1971
1178016 2607
1180016 2333
1182016 1898
1184016 2755
1186016 2839
1188016 3008
1190016 2761
1192016 2566
1194016 2976
1196016 1932
1198016 2839
1200016 2709
1202016 1818
1204016 1938
1206016 2701
1208016 2067
1210016 2715
1212016 2750
1214016 2940
1216016 2808
1218016 2827
1220016 2859
1222016 2740
1224016 2086
1226016 2672
1228016 2754
1230016 2731
1232016 2099
1234016 2031
1236016 3119
1238016 2040
1240016 2827
1242016 2866
1244016 3015
1246016 2955
1248016 2842
1250016 2863
1252016 2942
1254016 2808
1256016 2154
1258016 2978
1260016 2869
1262016 2872
1264016 3091
1266016 2890
1268016 2772
1270016 1957
1272016 2979
1274016 3030
1276016 2963
1278016 2907
1280016 2945
1282016 3453
1284016 2867
1286016 3018
1288016 2901
1290016 2985
1292016 2988
1294016 2989
1296016 2777
1298016 2870
1300016 3041
1302016 2917
1304016 3072
1306016 3230
1308016 3129
1310016 2906
1312016 2894
1314016 2965
1316016 3137
1318016 2929
1320016 3015
1322016 3296
1324016 2826
1326016 2983
1328016 3296
1330016 2878
1332016 3063
1334016 3347
1336016 2988
1338016 3080
1340016 2951
1342016 3140
1344016 3012
1346016 3007
1348016 2770
1350016 3008
1352016 3072
1354016 2947
1356016 2992
1358016 3088
1360016 3194
1362016 2724
1364016 3090
1366016 3511
1368016 3044
1370016 3179
1372016 2907
1374016 2995
1376016 2817
1378016 2928
1380016 3174
1382016 2877
1384016 3110
1386016 3481
1388016 3060
1390016 3002
1392016 3044
1394016 2926
1396016 2933
1398016 3039
1400016 2612
1402016 2905
1404016 2805
1406016 2830
1408016 2828
1410016 2838
1412016 2928
1414016 2645
1416016 2896
1418016 2360
1420016 2931
1422016 2928
1424016 3105
1426016 3002
1428016 2751
1430016 2962
1432016 2711
1434016 2396
1436016 2816
1438016 2968
1440016 3415
1442016 2852
1444016 2230
1446016 3092
1448016 2773
1450016 2928
1452016 2456
1454016 2823
1456016 3085
1458016 3224
1460016 3329
1462016 3068
1464016 3072
1466016 2372
1468016 2933
1470016 2979
1472016 3122
1474016 2880
1476016 2490
1478016 2796
1480016 2868
1482016 3373
1484016 3485
1486016 2972
1488016 3350
1490016 2389
1492016 3347
1494016 3018
1496016 3206
1498016 2531
1500016 2514
1502016 3018
1504016 3151
1506016 3013
1508016 3161
1510016 3000
1512016 3275
1514016 3131
1516016 3236
1518016 3219
1520016 3571
1522016 2562
1524016 3156
1526016 3254
1528016 3172
1530016 2560
1532016 2699
1534016 3244
1536016 2854
1538016 3395
1540016 3283
1542016 3523
1544016 2576
1546016 3101
1548016 3233
1550016 3126
1552016 3465
1554016 3226
1556016 3864
1558016 3017
1560016 3370
1562016 3275
1564016 3154
1566016 3512
1568016 2597
1570016 3390
1572016 3407
1574016 3413
1576016 3465
1578016 3474
1580016 2558
1582016 2795
1584016 3215
1586016 3443
1588016 3378
1590016 3374
1592016 3088
1594016 2637
1596016 2869
1598016 3176
1600016 3370
1602016 3531
1604016 3302
1606016 2978
1608016 3356
1610016 3384
1612016 3375
1614016 3610
1616016 3204
1618016 3779
1620016 3272
1622016 3186
1624016 3757
1626016 3330
1628016 3448
1630016 3727
1632016 3429
1634016 3361
1636016 3565
1638016 3315
1640016 3366
1642016 3355
1644016 3490
1646016 3513
1648016 3568
1650016 3385
1652016 3190
1654016 3826
1656016 3339
1658016 3597
1660016 3572
1662016 3213
1664016 3513
1666016 3218
1668016 3515
1670016 3129
1672016 3628
1674016 3345
1676016 3409
1678016 3729
1680016 3742
1682016 3592
1684016 3217
1686016 3522
1688016 3571
1690016 3469
1692016 3788
1694016 3582
1696016 3320
1698016 3567
1700016 3581
1702016 3946
1704016 3254
1706016 3661
1708016 3584
1710016 3483
1712016 3518
1714016 3622
1716016 3789
1718016 3651
1720016 3713
1722016 3381
1724016 3756
1726016 3853
1728016 3225
1730016 3481
1732016 3755
1734016 3759
1736016 3625
1738016 3860
1740016 3779
1742016 2995
1744016 3766
1746016 3686
1748016 3678
1750016 4119
1752016 3719
1754016 2035
1756016 3728
1758016 1938
1760016 3381
1762016 3615
1764016 3945
1766016 3881
1768016 3848
1770016 3794
1772016 3876
1774016 3993
1776016 4147
1778016 3729
1780016 3830
1782016 4032
1784016 3835
1786016 3666
1788016 3982
1790016 3623
1792016 3977
1794016 3788
1796016 3868
1798016 3361
1800016 3961
1802016 3658
1804016 3699
1806016 4143
1808016 3892
1810016 3992
1812016 3833
1814016 3430
1816016 3684
1818016 3653
1820016 3984
1822016 3896
1824016 3902
1826016 1763
1828016 3917
1830016 3771
1832016 4052
1834016 3747
1836016 3908
1838016 3799
1840016 2964
1842016 3836
1844016 3965
1846016 3707
1848016 3484
1850016 3548
1852016 1721
1854016 3947
1856016 1891
1858016 3826
1860016 4344
1862016 2150
1864016 3815
1866016 3952
1868016 3776
1870016 3988
1872016 3901
1874016 3877
1876016 3934
1878016 3074
1880016 4001
1882016 3960
1884016 3823
1886016 3317
1888016 3034
1890016 3577
1892016 3361
1894016 3316
1896016 3343
1898016 3223
1900016 3131
1902016 3190
1904016 3188
1906016 3464
1908016 3785
1910016 4029
1912016 3212
1914016 4311
1916016 4024
1918016 4090
1920016 3302
1922016 4254
1924016 3990
1926016 3872
1928016 3894
1930016 1896
1932016 4115
1934016 4114
1936016 3320
1938016 4034
1940016 4060
1942016 4101
1944016 3905
1946016 4266
1948016 4127
1950016 4189
1952016 4383
1954016 4213
1956016 3999
1958016 4066
1960016 3971
1962016 4496
1964016 4512
1966016 3438
1968016 4190
1970016 3946
1972016 4471
1974016 4089
1976016 4126
1978016 4114
1980016 4401
1982016 4609
1984016 4185
1986016 4241
1988016 4234
1990016 3932
1992016 3244
1994016 4331
1996016 4138
1998016 4426
2000016 4220
2002016 4322
2004016 4185
2006016 3391
2008016 3552
2010016 3356
2012016 4430
2014016 4169
2016016 4282
2018016 4386
2020016 4213
2022016 4426
2024016 4320
2026016 4075
2028016 4045
2030016 4126
2032016 4476
2034016 4180
2036016 3385
2038016 4171
2040016 4354
2042016 4206
2044016 4605
2046016 4147
2048016 4206
2050016 4846
2052016 4221
2054016 4200
2056016 4574
2058016 4430
2060016 4770
2062016 4233
2064016 4783
2066016 4545
2068016 4131
2070016 4180
2072016 4529
2074016 4329
2076016 4061
2078016 3417
2080016 3982
2082016 4423
2084016 4304
2086016 4277
2088016 4716
2090016 4399
2092016 3853
2094016 4229
2096016 4608
2098016 4681
2100016 4410
2102016 3519
2104016 4880
2106016 4479
2108016 4893
2110016 4600
2112016 4370
2114016 4473
2116016 4591
2118016 4247
2120016 4539
2122016 4242
2124016 4477
2126016 4330
2128016 4706
2130016 4861
2132016 4513
2134016 4721
2136016 4853
2138016 4389
2140016 4769
2142016 3836
2144016 4682
2146016 4253
2148016 4199
2150016 4408
2152016 4541
2154016 4507
2156016 4764
2158016 4268
2160016 4164
2162016 4327
2164016 4372
2166016 4362
2168016 3866
2170016 3614
2172016 4419
2174016 4524
2176016 4290
2178016 4575
2180016 4403
2182016 4479
2184016 4446
2186016 4427
2188016 4732
2190016 4417
2192016 4400
2194016 4510
2196016 4431
2198016 4375
2200016 4440
2202016 4495
2204016 4075
2206016 4362
2208016 4352
2210016 4407
2212016 4441
2214016 4819
2216016 4498
2218016 4623
2220016 4541
2222016 2190
2224016 4638
2226016 2121
2228016 4743
2230016 4396
2232016 4188
2234016 4625
2236016 4776
2238016 4056
2240016 4580
2242016 4544
2244016 4581
2246016 3621
2248016 3494
2250016 4543
2252016 4170
2254016 3241
2256016 3887
2258016 3506
2260016 3686
2262016 3805
2264016 4540
2266016 4456
2268016 3879
2270016 3290
2272016 4850
2274016 3834
2276016 4793
2278016 4678
2280016 4413
2282016 4354
2284016 3680
2286016 4604
2288016 4541
2290016 2286
2292016 5721
2294016 4766
2296016 4762
2298016 4827
2300016 4769
2302016 4873
2304016 4777
2306016 4690
2308016 4623
2310016 4812
2312016 4742
2314016 4902
2316016 3620
2318016 4945
2320016 4796
2322016 4351
2324016 4574
2326016 4750
2328016 4855
2330016 4941
2332016 3830
2334016 4792
2336016 5259
2338016 5217
2340016 4963
2342016 4618
2344016 5176
2346016 5032
2348016 5062
2350016 4984
2352016 4920
2354016 4886
2356016 5056
2358016 5045
2360016 4978
2362016 4911
2364016 4866
2366016 5203
2368016 5224
2370016 5865
2372016 5010
2374016 3961
2376016 4849
2378016 5009
2380016 5228
2382016 5052
2384016 5015
2386016 5221
2388016 4901
2390016 4861
2392016 3959
2394016 5205
2396016 5239
2398016 5421
2400016 4978
2402016 5003
2404016 5060
2406016 5211
2408016 5308
2410016 4986
2412016 5066
2414016 4199
2416016 4928
2418016 4118
2420016 4280
2422016 5078
2424016 5140
2426016 5140
2428016 5144
2430016 4451
2432016 4120
2434016 5081
2436016 4062
2438016 4043
2440016 5424
2442016 5045
2444016 5197
2446016 4431
2448016 5260
2450016 4869
2452016 5308
2454016 5289
2456016 5511
2458016 4878
2460016 5625
2462016 5096
2464016 5319
2466016 5519
2468016 5282
2470016 4087
2472016 5213
2474016 5268
2476016 5032
2478016 5358
2480016 4065
2482016 5021
2484016 5444
2486016 5330
2488016 5109
2490016 5084
2492016 5504
2494016 4085
2496016 5519
2498016 5304
2500016 5422
2502016 5617
2504016 5196
2506016 5268
2508016 5059
2510016 5302
2512016 5443
2514016 5231
2516016 5337
2518016 4907
2520016 5123
2522016 5672
2524016 5453
2526016 5194
2528016 5383
2530016 5486
2532016 4162
2534016 5157
2536016 5273
2538016 5051
2540016 4851
2542016 5402
2544016 5179
2546016 5255
2548016 5267
2550016 5428
2552016 5199
2554016 5528
2556016 5323
2558016 5141
2560016 5519
2562016 5181
2564016 4900
2566016 5369
2568016 5659
2570016 5326
2572016 5253
2574016 5207
2576016 5381
2578016 5396
2580016 5046
2582016 5632
2584016 5348
2586016 5341
2588016 4409
2590016 5242
2592016 4389
2594016 5578
2596016 5095
2598016 5451
2600016 5299
2602016 5591
2604016 5520
2606016 5385
2608016 5376
2610016 2861
2612016 5268
2614016 5649
2616016 5311
2618016 5692
2620016 5556
2622016 5981
2624016 4568
2626016 5632
2628016 5482
2630016 4342
2632016 5506
2634016 5799
2636016 5598
2638016 5491
2640016 5389
2642016 5513
2644016 5343
2646016 4365
2648016 4632
2650016 5444
2652016 5700
2654016 5696
2656016 5781
2658016 5671
2660016 5671
2662016 5830
2664016 5631
2666016 4751
2668016 5621
2670016 5852
2672016 5707
2674016 5926
2676016 4368
2678016 5661
2680016 4481
2682016 5829
2684016 5792
2686016 5868
2688016 5615
2690016 4373
2692016 5869
2694016 5790
2696016 4420
2698016 5814
2700016 4437
2702016 5786
2704016 5633
2706016 5540
2708016 5799
2710016 6025
2712016 5822
2714016 4623
2716016 5374
2718016 5781
2720016 5490
2722016 5519
2724016 5745
2726016 4456
2728016 5575
2730016 5577
2732016 5445
2734016 4841
2736016 5865
2738016 5610
2740016 5455
2742016 5613
2744016 5574
2746016 5742
2748016 4610
2750016 5551
2752016 5715
2754016 5747
2756016 5689
2758016 5559
2760016 5029
2762016 5818
2764016 5555
2766016 5702
2768016 5591
2770016 5372
2772016 5609
2774016 5644
2776016 5713
2778016 4892
2780016 5869
2782016 5693
2784016 5718
2786016 4288
2788016 4622
2790016 5584
2792016 5760
2794016 5713
2796016 5530
2798016 5438
2800016 5355
2802016 4386
2804016 5590
2806016 5806
2808016 5653
2810016 5782
2812016 4360
2814016 5667
2816016 5426
2818016 6342
2820016 5846
2822016 5905
2824016 5625
2826016 5742
2828016 5867
2830016 5848
2832016 5700
2834016 5228
2836016 5565
2838016 4967
2840016 5097
2842016 5060
2844016 5102
2846016 6027
2848016 6105
2850016 5592
2852016 5858
2854016 6020
2856016 5982
2858016 5834
2860016 4937
2862016 5997
2864016 5467
2866016 5944
2868016 5758
2870016 5846
2872016 5709
2874016 5968
2876016 5660
2878016 5789
2880016 5816
2882016 2617
2884016 4590
2886016 2809
2888016 6062
2890016 6207
2892016 5728
2894016 4883
2896016 5712
2898016 5147
2900016 6012
2902016 6090
2904016 6077
2906016 5050
2908016 5582
2910016 6107
2912016 3194
2914016 5953
2916016 6138
2918016 4169
2920016 2952
2922016 5338
2924016 3000
2926016 4493
2928016 2795
2930016 2750
2932016 4263
2934016 3144
2936016 3057
2938016 5208
2940016 5285
2942016 5747
2944016 4736
2946016 5678
2948016 2948
2950016 6196
2952016 5521
2954016 5663
2956016 2834
2958016 6054
2960016 6395
2962016 6211
2964016 5559
2966016 6072
2968016 3142
2970016 2798
2972016 6264
2974016 3012
2976016 6231
2978016 5938
2980016 5992
2982016 6328
2984016 6074
2986016 6236
2988016 5709
2990016 5946
2992016 6301
2994016 5794
2996016 6221
2998016 6201
3000016 5780
3002016 5767
3004016 6304
3006016 6278
3008016 6518
3010016 5958
3012016 5833
3014016 6076
3016016 6193
3018016 6041
3020016 6068
3022016 5847
3024016 5722
3026016 5972
3028016 6191
3030016 6263
3032016 6010
3034016 6330
3036016 5519
3038016 5272
3040016 5839
3042016 6041
3044016 6061
3046016 3186
3048016 3097
3050016 5918
3052016 4996
3054016 2894
3056016 6283
3058016 6068
3060016 5886
3062016 6082
3064016 5282
3066016 6232
3068016 5896
3070016 6268
3072016 5882
3074016 5622
3076016 5456
3078016 5610
3080016 5522
3082016 5930
3084016 6120
3086016 6132
3088016 6004
3090016 6345
3092016 5794
3094016 6315
3096016 6172
3098016 6163
3100016 5745
3102016 5866
3104016 6422
3106016 3133
3108016 5001
3110016 4970
3112016 6111
3114016 6420
3116016 5215
3118016 6583
3120016 6354
3122016 5593
3124016 6266
3126016 6566
3128016 6376
3130016 6584
3132016 6777
3134016 6757
3136016 5188
3138016 6190
3140016 5106
3142016 5138
3144016 5207
3146016 6423
3148016 6828
3150016 6786
3152016 6701
3154016 7029
3156016 6307
3158016 6918
3160016 6480
3162016 6832
3164016 6347
3166016 7226
3168016 6836
3170016 6487
3172016 7033
3174016 6759
3176016 6818
3178016 6619
3180016 7154
3182016 6853
3184016 6951
3186016 5171
3188016 6207
3190016 5925
3192016 5509
3194016 6503
3196016 5127
3198016 6452
3200016 7129
3202016 5374
3204016 6827
3206016 6725
3208016 6201
3210016 5294
3212016 5200
3214016 6999
3216016 6891
3218016 6597
3220016 6944
3222016 7394
3224016 6805
3226016 6660
3228016 7012
3230016 6606
3232016 5244
3234016 7058
3236016 6795
3238016 6884
3240016 6143
3242016 7538
3244016 6931
3246016 6802
3248016 6474
3250016 5229
3252016 4997
3254016 5294
3256016 5421
3258016 5441
3260016 7073
3262016 7233
3264016 6768
3266016 5779
3268016 5153
3270016 5127
3272016 6675
3274016 6707
3276016 6813
3278016 6443
3280016 5777
3282016 6559
3284016 7333
3286016 7098
3288016 6858
3290016 5412
3292016 6663
3294016 5340
3296016 6498
3298016 6689
3300016 7257
3302016 7122
3304016 7330
3306016 7154
3308016 6985
3310016 7108
3312016 7184
3314016 7134
3316016 7238
3318016 5712
3320016 5918
3322016 5442
3324016 3252
3326016 5361
3328016 5761
3330016 5408
3332016 3156
3334016 5281
3336016 3548
3338016 5550
3340016 6696
3342016 7065
3344016 7196
3346016 6387
3348016 6963
3350016 6049
3352016 7304
3354016 7103
3356016 6236
3358016 5963
3360016 3685
3362016 7180
3364016 3703
3366016 3393
3368016 3644
3370016 6827
3372016 6413
3374016 7032
3376016 4031
3378016 7554
3380016 7166
3382016 6823
3384016 7164
3386016 6969
3388016 6731
3390016 7185
3392016 7412
3394016 6990
3396016 7066
3398016 5572
3400016 7062
3402016 6876
3404016 6556
3406016 7179
3408016 6973
3410016 5940
3412016 6647
3414016 6972
3416016 7191
3418016 6756
3420016 6993
3422016 6641
3424016 7073
3426016 6937
3428016 6537
3430016 3544
3432016 6741
3434016 4522
3436016 5492
3438016 7242
3440016 7410
3442016 7211
3444016 5693
3446016 7390
3448016 5721
3450016 5341
3452016 6768
3454016 6780
3456016 5698
3458016 6405
3460016 6713
3462016 6060
3464016 5661
3466016 7276
3468016 7613
3470016 7045
3472016 7647
3474016 7499
3476016 7346
3478016 7502
3480016 7259
3482016 7331
3484016 5504
3486016 7472
3488016 7618
3490016 7176
3492016 7382
3494016 7469
3496016 6043
3498016 5748
3500016 7988
3502016 5701
3504016 6048
3506016 7182
3508016 6724
3510016 7266
3512016 7229
3514016 7086
3516016 7944
3518016 6867
3520016 7325
3522016 7343
3524016 7138
3526016 7535
3528016 5769
3530016 7587
3532016 7234
3534016 6798
3536016 6297
3538016 6006
3540016 7574
3542016 7658
3544016 5897
3546016 7711
3548016 6130
3550016 7717
3552016 7210
3554016 7371
3556016 7438
3558016 7684
3560016 7559
3562016 7515
3564016 6213
3566016 6269
3568016 7004
3570016 7604
3572016 7440
3574016 7514
3576016 7600
3578016 7191
3580016 7640
3582016 7899
3584016 5983
3586016 7378
3588016 7635
3590016 6448
3592016 5938
3594016 7096
3596016 7670
3598016 3971
3600016 7699
3602016 7655
3604016 7512
3606016 7163
3608016 7683
3610016 7469
3612016 6987
3614016 6596
3616016 6972
3618016 7690
3620016 7509
3622016 6692
3624016 7386
3626016 7291
3628016 7794
3630016 7204
3632016 7644
3634016 7631
3636016 7772
3638016 7675
3640016 7666
3642016 7154
3644016 7156
3646016 7387
3648016 6243
3650016 7698
3652016 7567
3654016 5273
3656016 6578
3658016 7735
3660016 7914
3662016 5854
3664016 7871
3666016 8018
3668016 7737
3670016 7351
3672016 7551
3674016 7211
3676016 7993
3678016 7484
3680016 6601
3682016 7350
3684016 7737
3686016 7721
3688016 7755
3690016 7354
3692016 7097
3694016 7728
3696016 8035
3698016 6728
3700016 7600
3702016 7647
3704016 6989
3706016 7753
3708016 6815
3710016 7547
3712016 8136
3714016 7839
3716016 6789
3718016 5899
3720016 8009
3722016 7935
3724016 7572
3726016 7851
3728016 7847
3730016 7549
3732016 6563
3734016 7059
3736016 3870
3738016 7466
3740016 7747
3742016 7502
3744016 7561
3746016 7813
3748016 7736
3750016 6770
3752016 3326
3754016 3542
3756016 7401
3758016 7961
3760016 7219
3762016 7520
3764016 7988
3766016 7681
3768016 8028
3770016 7342
3772016 7711
3774016 7729
3776016 6035
3778016 7978
3780016 7920
3782016 7827
3784016 7832
3786016 6031
3788016 6130
3790016 7936
3792016 7839
3794016 7478
3796016 8261
3798016 8136
3800016 7583
3802016 8008
3804016 7151
3806016 6061
3808016 8287
3810016 6078
3812016 6477
3814016 8255
3816016 7807
3818016 8592
3820016 7347
3822016 6346
3824016 7311
3826016 7847
3828016 5727
3830016 8781
3832016 7528
3834016 7601
3836016 8080
3838016 6438
3840016 7157
3842016 8237
3844016 8112
3846016 8209
3848016 7925
3850016 6053
3852016 7778
3854016 6517
3856016 7625
3858016 7470
3860016 6221
3862016 8077
3864016 6102
3866016 7985
3868016 8527
3870016 8380
3872016 8436
3874016 7910
3876016 5919
3878016 7374
3880016 8395
3882016 8588
3884016 6321
3886016 7731
3888016 6543
3890016 8130
3892016 5821
3894016 7386
